iscf
 0

idiag
 1

imix
 2

rho_mix_fac
 0.3

max_scf_iter
 100

ecut
 10.0

atoms
 2
 4 4
 Al.cpi
 2 2
 bohr
   0.000000000       0.000000000       0.000000000     Al
   0.000000000       5.312000000       5.312000000     Al
   5.312000000       0.000000000       5.312000000     Al
   5.312000000       5.312000000       0.000000000     Al
 As.cpi
 3 3
 bohr
   2.656000000       2.656000000       2.656000000     As
   2.656000000       7.968000000       7.968000000     As
   7.968000000       2.656000000       7.968000000     As
   7.968000000       7.968000000       2.656000000     As

latvec
   10.62400000       0.000000000       0.000000000
   0.000000000       10.62400000       0.000000000
   0.000000000       0.000000000       10.62400000 

k_points
 1 
 0.0 0.0 0.0 1.0

