max_scf_iter
 1

ecut
 10

atoms
 6
 48  84  32  16  8  1
 Ti.fhi
 3  3
 angstrom
  0.00000000   0.00000000  0.00000000
  0.00000000  10.29857200  0.00000000
  3.37615206   0.00000000  0.00000000
  3.37615206  10.29857194  0.00000000
  6.75230412   0.00000000  0.00000000
  6.75230412  10.29857188  0.00000000
  1.68807603   5.14928597  0.00000000
  1.68807603  15.44785797  0.00000000
  5.06422809   5.14928591  0.00000000
  5.06422809  15.44785791  0.00000000
  8.44038015   5.14928585  0.00000000
  8.44038015  15.44785785  0.00000000
  0.00000000   9.19178230  3.18957894
  0.00000000  19.49035430  3.18957876
  3.37615206   9.19178225  3.18957888
  3.37615206  19.49035425  3.18957870
  6.75230412   9.19178219  3.18957882
  6.75230412  19.49035419  3.18957865
  1.68807603   4.04249628  3.18957900
  1.68807603  14.34106828  3.18957882
  5.06422809   4.04249622  3.18957894
  5.06422809  14.34106822  3.18957876
  8.44038015   4.04249616  3.18957889
  8.44038015  14.34106816  3.18957871
  1.68807603   2.29797070  0.79741458
  1.68807603  12.59654270  0.79741440
  5.06422809   2.29797064  0.79741452
  5.06422809  12.59654264  0.79741434
  8.44038015   2.29797058  0.79741447
  8.44038015  12.59654258  0.79741429
  0.00000000   7.44725673  0.79741452
  0.00000000  17.74582873  0.79741434
  3.37615206   7.44725667  0.79741446
  3.37615206  17.74582867  0.79741428
  6.75230412   7.44725661  0.79741441
  6.75230412  17.74582861  0.79741423
  1.68807603   1.19118101  3.98699355
  1.68807603  11.48975301  3.98699337
  5.06422809   1.19118095  3.98699349
  5.06422809  11.48975295  3.98699331
  8.44038015   1.19118089  3.98699343
  8.44038015  11.48975289  3.98699325
  0.00000000   6.34046703  3.98699349
  0.00000000  16.63903903  3.98699331
  3.37615206   6.34046698  3.98699343
  3.37615206  16.63903898  3.98699325
  6.75230412   6.34046692  3.98699337
  6.75230412  16.63903892  3.98699319
 O.fhi
 2  2
 angstrom
  0.00000000   1.89897243  0.65892760
  0.00000000  12.19754443  0.65892742
  3.37615206   1.89897238  0.65892755
  3.37615206  12.19754438  0.65892737
  6.75230412   1.89897232  0.65892749
  6.75230412  12.19754432  0.65892731
  1.68807603   7.04825841  0.65892748
  1.68807603  17.34683041  0.65892730
  5.06422809   7.04825835  0.65892743
  5.06422809  17.34683035  0.65892725
  8.44038015   7.04825829  0.65892737
  8.44038015  17.34683029  0.65892719
  0.00000000   0.79218274  3.84850673
  0.00000000  11.09075474  3.84850655
  3.37615206   0.79218268  3.84850667
  3.37615206  11.09075468  3.84850649
  6.75230412   0.79218262  3.84850661
  6.75230412  11.09075462  3.84850643
  1.68807603   5.94146871  3.84850661
  1.68807603  16.24004071  3.84850643
  5.06422809   5.94146865  3.84850655
  5.06422809  16.24004065  3.84850637
  8.44038015   5.94146859  3.84850649
  8.44038015  16.24004059  3.84850631
  1.68807603   4.19694314  1.45634219
  1.68807603  14.49551514  1.45634201
  5.06422809   4.19694308  1.45634213
  5.06422809  14.49551508  1.45634195
  8.44038015   4.19694302  1.45634207
  8.44038015  14.49551502  1.45634189
  0.00000000   9.34622916  1.45634213
  0.00000000  19.64480116  1.45634195
  3.37615206   9.34622911  1.45634207
  3.37615206  19.64480111  1.45634189
  6.75230412   9.34622905  1.45634201
  6.75230412  19.64480105  1.45634183
  1.68807603   3.09015344  4.64592131
  1.68807603  13.38872544  4.64592113
  5.06422809   3.09015338  4.64592125
  5.06422809  13.38872538  4.64592107
  8.44038015   3.09015332  4.64592119
  8.44038015  13.38872532  4.64592101
  0.00000000   8.23943947  4.64592125
  0.00000000  18.53801147  4.64592107
  3.37615206   8.23943941  4.64592119
  3.37615206  18.53801141  4.64592101
  6.75230412   8.23943935  4.64592113
  6.75230412  18.53801135  4.64592095
  1.68807603   2.14341807  2.53057189
  1.68807603  12.44199007  2.53057171
  5.06422809   2.14341802  2.53057183
  5.06422809  12.44199002  2.53057165
  8.44038015   2.14341796  2.53057177
  8.44038015  12.44198996  2.53057159
  0.00000000   7.29270410  2.53057183
  0.00000000  17.59127610  2.53057165
  3.37615206   7.29270404  2.53057177
  3.37615206  17.59127604  2.53057159
  6.75230412   7.29270399  2.53057171
  6.75230412  17.59127599  2.53057153
  0.00000000   5.54818378  0.13840741
  0.00000000  15.84675578  0.13840723
  3.37615206   5.54818372  0.13840735
  3.37615206  15.84675572  0.13840717
  6.75230412   5.54818366  0.13840729
  6.75230412  15.84675566  0.13840711
  1.68807603   0.39889775  0.13840747
  1.68807603  10.69746975  0.13840729
  5.06422809   0.39889769  0.13840741
  5.06422809  10.69746969  0.13840723
  8.44038015   0.39889764  0.13840735
  8.44038015  10.69746964  0.13840717
  0.00000000   4.44139409  3.32798653
  0.00000000  14.73996609  3.32798635
  3.37615206   4.44139403  3.32798647
  3.37615206  14.73996603  3.32798629
  6.75230412   4.44139397  3.32798641
  6.75230412  14.73996597  3.32798624
  1.68807603   9.59068006  3.32798641
  1.68807603  19.88925206  3.32798623
  5.06422809   9.59068000  3.32798635
  5.06422809  19.88925200  3.32798617
  8.44038015   9.59067994  3.32798630
  8.44038015  19.88925194  3.32798612
 C.fhi
 2  2
 angstrom
  5.06253  4.93527  13.66705
  5.06253  4.93510  15.07638
  5.06253  6.13014  15.79801
  5.06253  7.32403  15.07584
  5.06253  7.32426  13.66799
  5.06253  6.13044  12.94563
  5.06253  8.71692  13.25247
  5.06253  8.71675  15.49162
  5.06253  10.36667  11.60267
  5.06253  10.78233  10.20999
  5.06253  12.19020  10.20996
  5.06253  12.60562  11.60273
  5.06253  10.06015  9.01604
  5.06253  12.91239  9.01604
  5.06253  10.78151  7.82102
  5.06253  12.19103  7.82101
  5.06253  14.25498  13.25286
  5.06253  15.64766  13.66853
  5.06253  14.25480  15.49201
  5.06253  15.64749  15.07638
  5.06253  16.84159  12.94640
  5.06253  18.03663  13.66805
  5.06253  18.03644  15.07738
  5.06253  16.84127  15.79878
  5.06253  10.36614  17.14177
  5.06253  10.78149  18.53448
  5.06253  12.60502  17.14183
  5.06253  12.18942  18.53445
  5.06253  10.05930  19.72845
  5.06253  10.78064  20.92341
  5.06253  12.19025  20.92341
  5.06253  12.91160  19.72846
 H.cpi
 1  1
 bohr
  5.06253  6.14069  11.86511
 5.06253  3.99150  13.13827
 5.06253  3.99123  15.60500
 5.06253  6.14006  16.87853
 5.06253  13.99216  19.71794
 5.06253  12.71837  21.86753
 5.06253  10.25247  21.86751
 5.06253  8.97874  19.71817
 5.06253  16.83099  16.87929
 5.06253  18.98026  15.60610
 5.06253  18.98045  13.13937
 5.06253  16.83168  11.86587
 5.06253  13.99295  9.02620
 5.06253  8.97960  9.02643
 5.06253  10.25321  6.87700
 5.06253  12.71939  6.87702
 N.fhi
 2  2
 angstrom
  5.06253  9.54392  14.37190
  5.06253  9.09473  11.98052
  5.06253  9.09453  16.76316
  5.06253  11.48607  12.42977
  5.06253  13.87726  11.98106
  5.06253  13.42780  14.37227
  5.06253  13.87693  16.76370
  5.06253  11.48566  16.31478
 Co.fhi
 3 3
 5.06253  11.48586  14.37193

latvec
 19.14642    0.000    0.000
  0.00000   38.936    0.000
  0.00000    0.000   50.000

k_points
 1                                 
 0.0 0.0 0.0 1.0


