max_scf_iter
 1

ecut
 8

atoms
 3
 32 8 16
 C.fhi
 2  2
 bohr
 -1.33296  -12.38296  0.00000
  1.33119  -12.38330  0.00000
  2.69533  -10.12423  0.00000
  1.33017  -7.86735  0.00000
 -1.33117  -7.86692  0.00000
 -2.69670  -10.12367  0.00000
 -2.11665  -5.23429  0.00000
  2.11615  -5.23462  0.00000
 -5.23536  -2.11567  0.00000
 -7.86802  -1.32992  0.00000
 -7.86809  1.33145  0.00000
 -5.23526  2.11675  0.00000
 -10.12503  -2.69511  0.00000
 -10.12504  2.69666  0.00000
 -12.38405  -1.33147  0.00000
 -12.38406  1.33303  0.00000
 -2.11591  5.23462  0.00000
 -1.33015  7.86729  0.00000
  2.11689  5.23429  0.00000
  1.33119  7.86698  0.00000
 -2.69524  10.12425  0.00000
 -1.33106  12.38330  0.00000
  1.33308  12.38295  0.00000
  2.69679  10.12365  0.00000
  5.23553  -2.11668  0.00000
  7.86824  -1.33150  0.00000
  5.23564  2.11561  0.00000
  7.86818  1.32997  0.00000
 10.12528  -2.69671  0.00000
 12.38418  -1.33311  0.00000
 12.38418  1.33155  0.00000
 10.12529  2.69516  0.00000
 N.fhi
 2  2
 bohr
 -0.00053  -3.67097  0.00000
 -4.52109  -4.52009  0.00000
  4.51981  -4.52048  0.00000
 -3.67184  0.00039  0.00000
 -4.52007  4.52060  0.00000
  0.00017  3.67097  0.00000
  4.52084  4.51998  0.00000
  3.67221  -0.00038  0.00000
  H.cpi
  1  1
  bohr
 -4.73926  -10.10429  0.00000
 -2.33253  -14.16704  0.00000
  2.33048  -14.16754  0.00000
  4.73790  -10.10548  0.00000
 10.10541  4.73780  0.00000
 14.16891  2.32988  0.00000
 14.16886  -2.33155  0.00000
 10.10584  -4.73937  0.00000
  4.73934  10.10421  0.00000
  2.33255  14.16710  0.00000
 -2.33045  14.16747  0.00000
 -4.73783  10.10552  0.00000
 -10.10582  4.73930  0.00000
 -10.10538  -4.73774  0.00000
 -14.16859  -2.33016  0.00000
 -14.16855  2.33181  0.00000

latvec
 20.0   0.0   0.0
  0.0  20.0   0.0
  0.0   0.0  10.0

k_points
 1                                 
 0.0 0.0 0.0 1.0

rho_mix_fac
 0.7

