imix
 2

rho_mix_fac
 0.3

max_scf_iter
 200

ecut
 10.0

fft_grid
 48 48 48

atoms
 1
 64
 Si.fhi
 2 2
   0.000000000       0.000000000       0.000000000
   0.000000000       0.000000000       10.26600000
   0.000000000       10.26600000       0.000000000
   0.000000000       10.26600000       10.26600000
   10.26600000       0.000000000       0.000000000
   10.26600000       0.000000000       10.26600000
   10.26600000       10.26600000       0.000000000
   10.26600000       10.26600000       10.26600000
   0.000000000       5.133000000       5.133000000
   0.000000000       5.133000000       15.39900000
   0.000000000       15.39900000       5.133000000
   0.000000000       15.39900000       15.39900000
   10.26600000       5.133000000       5.133000000
   10.26600000       5.133000000       15.39900000
   10.26600000       15.39900000       5.133000000
   10.26600000       15.39900000       15.39900000
   5.133000000       0.000000000       5.133000000
   5.133000000       0.000000000       15.39900000
   5.133000000       10.26600000       5.133000000
   5.133000000       10.26600000       15.39900000
   15.39900000       0.000000000       5.133000000
   15.39900000       0.000000000       15.39900000
   15.39900000       10.26600000       5.133000000
   15.39900000       10.26600000       15.39900000
   5.133000000       5.133000000       0.000000000
   5.133000000       5.133000000       10.26600000
   5.133000000       15.39900000       0.000000000
   5.133000000       15.39900000       10.26600000
   15.39900000       5.133000000       0.000000000
   15.39900000       5.133000000       10.26600000
   15.39900000       15.39900000       0.000000000
   15.39900000       15.39900000       10.26600000
   2.566500000       2.566500000       2.566500000
   2.566500000       2.566500000       12.83250000
   2.566500000       12.83250000       2.566500000
   2.566500000       12.83250000       12.83250000
   12.83250000       2.566500000       2.566500000
   12.83250000       2.566500000       12.83250000
   12.83250000       12.83250000       2.566500000
   12.83250000       12.83250000       12.83250000
   7.699500000       2.566500000       7.699500000
   7.699500000       2.566500000       17.96550000
   7.699500000       12.83250000       7.699500000
   7.699500000       12.83250000       17.96550000
   17.96550000       2.566500000       7.699500000
   17.96550000       2.566500000       17.96550000
   17.96550000       12.83250000       7.699500000
   17.96550000       12.83250000       17.96550000
   2.566500000       7.699500000       7.699500000
   2.566500000       7.699500000       17.96550000
   2.566500000       17.96550000       7.699500000
   2.566500000       17.96550000       17.96550000
   12.83250000       7.699500000       7.699500000
   12.83250000       7.699500000       17.96550000
   12.83250000       17.96550000       7.699500000
   12.83250000       17.96550000       17.96550000
   7.699500000       7.699500000       2.566500000
   7.699500000       7.699500000       12.83250000
   7.699500000       17.96550000       2.566500000
   7.699500000       17.96550000       12.83250000
   17.96550000       7.699500000       2.566500000
   17.96550000       7.699500000       12.83250000
   17.96550000       17.96550000       2.566500000
   17.96550000       17.96550000       12.83250000

latvec
 20.532  0.0   0.0
  0.0  20.532  0.0
  0.0   0.0  20.532

k_points
 1
 0.0 0.0 0.0 1.0
