iscf
 0

idiag
 1

imix
 2

rho_mix_fac
 0.3

max_scf_iter
 100

ecut
 10.0

atoms
 2
 4 4
 Al.cpi
 2 2
 crystal
  0.00000000    0.00000000    0.00000000
  0.00000000    0.50000000    0.50000000
  0.50000000    0.00000000    0.50000000
  0.50000000    0.50000000    0.00000000
 As.cpi
 3 3
 crystal
  0.25000000    0.25000000    0.25000000
  0.25000000    0.75000000    0.75000000
  0.75000000    0.25000000    0.75000000
  0.75000000    0.75000000    0.25000000

latvec
   10.62400000       0.000000000       0.000000000
   0.000000000       10.62400000       0.000000000
   0.000000000       0.000000000       10.62400000 

k_points
 1 
 0.0 0.0 0.0 1.0

