iscf
 0

idiag
 0

imix
 4

rho_mix_fac
 0.3

max_scf_iter
 100

ecut
 10.0

atoms
 2
 9 18
 C.fhi
 2  2
 angstrom
 -1.23500        0.42850        0.17370
 -0.00980       -0.48490        0.09450
 -2.52780       -0.35900       -0.05100
  1.31730        0.25750        0.29000
 -3.75090        0.55690       -0.01110
  2.57910       -0.59830        0.13650
 -5.03450       -0.21680       -0.26660
  3.84690        0.19140        0.27830
  4.81470        0.22470       -0.64430
 H.fhi
 1 1
 angstrom
 -1.26530        0.91820        1.15440
 -1.14950        1.21950       -0.58100
 -0.09140       -1.27410        0.85200
  0.00470       -0.98390       -0.88240
 -2.62390       -1.13650        0.71660
 -2.48320       -0.86740       -1.02190
  1.31690        0.72220        1.28480
  1.36280        1.08250       -0.43350
 -3.65150        1.34500       -0.76660
 -3.81480        1.05000        0.96580
  2.55120       -1.10780       -0.83460
  2.57360       -1.38270        0.90290
 -5.01560       -0.69410       -1.25150
 -5.89630        0.45700       -0.23220
 -5.18080       -0.99450        0.48970
  3.98520        0.75300        1.19860
  5.71270        0.80930       -0.47700
  4.73080       -0.32460       -1.57540

latvec
 30.0   0.0   0.0
  0.0  10.0   0.0
  0.0   0.0   10.0

k_points
 1                                 
 0.0 0.0 0.0 1.0

