iscf
 0

idiag
 1

imix
 3

rho_mix_fac
 0.3

max_scf_iter
 100

ecut
 10.0

atoms
 1
 36
 Si.fhi
 2  2
 bohr
    6.0633       0.0       0.0
    1.0529       0.0    5.9712
   -3.0317       0.0    5.2510
   -5.6976       0.0   -2.0738
   -3.0317       0.0   -5.2510
    4.6448       0.0   -3.8974
    5.6976   -3.6659    2.0738
    3.0317   -3.6659    5.2510
   -4.6448   -3.6659    3.8974
   -6.0633   -3.6659       0.0
   -1.0529   -3.6659   -5.9712
    3.0317   -3.6659   -5.2510
    6.0633   -7.3317       0.0
    1.0529   -7.3317    5.9712
   -3.0317   -7.3317    5.2510
   -5.6976   -7.3317   -2.0738
   -3.0317   -7.3317   -5.2510
    4.6448   -7.3317   -3.8974
    5.6976  -10.9976    2.0738
    3.0317  -10.9976    5.2510
   -4.6448  -10.9976    3.8974
   -6.0633  -10.9976       0.0
   -1.0529  -10.9976   -5.9712
    3.0317  -10.9976   -5.2510
    6.0633  -14.6635       0.0
    1.0529  -14.6635    5.9712
   -3.0317  -14.6635    5.2510
   -5.6976  -14.6635   -2.0738
   -3.0317  -14.6635   -5.2510
    4.6448  -14.6635   -3.8974
    5.6976  -18.3294    2.0738
    3.0317  -18.3294    5.2510
   -4.6448  -18.3294    3.8974
   -6.0633  -18.3294       0.0
   -1.0529  -18.3294   -5.9712
    3.0317  -18.3294   -5.2510

latvec
 28.346   0.000000   0.000
  0.000  21.995087   0.000
  0.000   0.000000  28.346

k_points
 1 
 0.0 0.0 0.0 1.0

