imix
 3

rho_mix_fac
 0.3

max_scf_iter
 30

ecut
 8.0

atoms
 2
 2  2
 Zn.cpi
 3  3
 bohr
 6.142700000       3.546454034       0.000000000
 3.071319287       1.773227017      -4.921455000
 O.cpi
 2 2
 bohr
 6.142700000       3.546454034      -3.395803950
 3.071319287       1.773227017      -8.317258950

latvec
   3.071350000       5.319734248       0.000000000    
   6.142700000       0.000000000       0.000000000    
   0.000000000       0.000000000       9.842910000

k_points
 1              
 0.0 0.0 0.0 1.0



