max_scf_iter
 1

ecut
 8.0

atoms
 1
 8
 Si.fhi
 2 2
 bohr
  0.000000000       0.000000000       0.000000000
  0.000000000       5.133000000       5.133000000
  5.133000000       0.000000000       5.133000000
  5.133000000       5.133000000       0.000000000
  2.566500000       2.566500000       2.566500000
  7.699500000       2.566500000       7.699500000
  2.566500000       7.699500000       7.699500000
  7.699500000       7.699500000       2.566500000

latvec
 10.266  0.0    0.0
  0.0   10.266  0.0
  0.0    0.0   10.266

k_points
 4                                 
 0.1666667   0.1666667   0.1666667   0.2962963
 0.1666667   0.1666667   0.5000000   0.4444444
 0.1666667   0.5000000   0.5000000   0.2222222
 0.5000000   0.5000000   0.5000000   0.0370370

