iscf
 1

idiag
 1

imix
 2

rho_mix_fac
 0.3

max_scf_iter
 100

ecut
 8.0

atoms
 1
 8
 Si.fhi
 3 3
 bohr
  0.000000000       0.000000000       0.000000000
  0.000000000       5.133000000       5.133000000
  5.133000000       0.000000000       5.133000000
  5.133000000       5.133000000       0.000000000
  2.566500000       2.566500000       2.566500000
  7.699500000       2.566500000       7.699500000
  2.566500000       7.699500000       7.699500000
  7.699500000       7.699500000       2.566500000

latvec
 10.266  0.0    0.0
  0.0   10.266  0.0
  0.0    0.0   10.266

k_points
 1 
 0.0 0.0 0.0 1.0

