      0.0220096300
      0.0214488737
      0.0388196609
      0.0688838529
      0.0705019490
      0.0473096053
      0.0270998762
      0.0146237148
      0.0078123002
      0.0047455334
      0.0035459576
      0.0047455334
      0.0078123002
      0.0146237148
      0.0270998762
      0.0473096053
      0.0705019490
      0.0688838529
      0.0388196609
      0.0214488737
      0.0214488737
      0.0251734639
      0.0462996938
      0.0717831036
      0.0683684362
      0.0450026108
      0.0258875339
      0.0139668659
      0.0075082041
      0.0045339580
      0.0033433945
      0.0045339580
      0.0075082041
      0.0139668659
      0.0258875339
      0.0450026108
      0.0683684362
      0.0717831036
      0.0462996938
      0.0251734639
      0.0388196609
      0.0462996938
      0.0648591998
      0.0744898980
      0.0605930146
      0.0384534901
      0.0223714332
      0.0121001124
      0.0066500736
      0.0040432480
      0.0030057809
      0.0040432480
      0.0066500736
      0.0121001124
      0.0223714332
      0.0384534901
      0.0605930146
      0.0744898980
      0.0648591998
      0.0462996938
      0.0688838529
      0.0717831036
      0.0744898980
      0.0660478973
      0.0473791477
      0.0298307548
      0.0175805263
      0.0096619644
      0.0054731952
      0.0033526649
      0.0026233829
      0.0033526649
      0.0054731952
      0.0096619644
      0.0175805263
      0.0298307548
      0.0473791477
      0.0660478973
      0.0744898980
      0.0717831036
      0.0705019490
      0.0683684362
      0.0605930146
      0.0473791477
      0.0330646661
      0.0212096938
      0.0125698287
      0.0072335862
      0.0041939158
      0.0025378411
      0.0021126104
      0.0025378411
      0.0041939158
      0.0072335862
      0.0125698287
      0.0212096938
      0.0330646661
      0.0473791477
      0.0605930146
      0.0683684362
      0.0473096053
      0.0450026108
      0.0384534901
      0.0298307548
      0.0212096938
      0.0136835840
      0.0084026705
      0.0051453368
      0.0029954995
      0.0018891288
      0.0016705169
      0.0018891288
      0.0029954995
      0.0051453368
      0.0084026705
      0.0136835840
      0.0212096938
      0.0298307548
      0.0384534901
      0.0450026108
      0.0270998762
      0.0258875339
      0.0223714332
      0.0175805263
      0.0125698287
      0.0084026705
      0.0055212373
      0.0033335434
      0.0019637594
      0.0013343892
      0.0011249330
      0.0013343892
      0.0019637594
      0.0033335434
      0.0055212373
      0.0084026705
      0.0125698287
      0.0175805263
      0.0223714332
      0.0258875339
      0.0146237148
      0.0139668659
      0.0121001124
      0.0096619644
      0.0072335862
      0.0051453368
      0.0033335434
      0.0019676152
      0.0013551974
      0.0009459845
      0.0007069403
      0.0009459845
      0.0013551974
      0.0019676152
      0.0033335434
      0.0051453368
      0.0072335862
      0.0096619644
      0.0121001124
      0.0139668659
      0.0078123002
      0.0075082041
      0.0066500736
      0.0054731952
      0.0041939158
      0.0029954995
      0.0019637594
      0.0013551974
      0.0009618573
      0.0006014861
      0.0005156522
      0.0006014861
      0.0009618573
      0.0013551974
      0.0019637594
      0.0029954995
      0.0041939158
      0.0054731952
      0.0066500736
      0.0075082041
      0.0047455334
      0.0045339580
      0.0040432480
      0.0033526649
      0.0025378411
      0.0018891288
      0.0013343892
      0.0009459845
      0.0006014861
      0.0004140421
      0.0004920942
      0.0004140421
      0.0006014861
      0.0009459845
      0.0013343892
      0.0018891288
      0.0025378411
      0.0033526649
      0.0040432480
      0.0045339580
      0.0035459576
      0.0033433945
      0.0030057809
      0.0026233829
      0.0021126104
      0.0016705169
      0.0011249330
      0.0007069403
      0.0005156522
      0.0004920942
      0.0006087472
      0.0004920942
      0.0005156522
      0.0007069403
      0.0011249330
      0.0016705169
      0.0021126104
      0.0026233829
      0.0030057809
      0.0033433945
      0.0047455334
      0.0045339580
      0.0040432480
      0.0033526649
      0.0025378411
      0.0018891288
      0.0013343892
      0.0009459845
      0.0006014861
      0.0004140421
      0.0004920942
      0.0004140421
      0.0006014861
      0.0009459845
      0.0013343892
      0.0018891288
      0.0025378411
      0.0033526649
      0.0040432480
      0.0045339580
      0.0078123002
      0.0075082041
      0.0066500736
      0.0054731952
      0.0041939158
      0.0029954995
      0.0019637594
      0.0013551974
      0.0009618573
      0.0006014861
      0.0005156522
      0.0006014861
      0.0009618573
      0.0013551974
      0.0019637594
      0.0029954995
      0.0041939158
      0.0054731952
      0.0066500736
      0.0075082041
      0.0146237148
      0.0139668659
      0.0121001124
      0.0096619644
      0.0072335862
      0.0051453368
      0.0033335434
      0.0019676152
      0.0013551974
      0.0009459845
      0.0007069403
      0.0009459845
      0.0013551974
      0.0019676152
      0.0033335434
      0.0051453368
      0.0072335862
      0.0096619644
      0.0121001124
      0.0139668659
      0.0270998762
      0.0258875339
      0.0223714332
      0.0175805263
      0.0125698287
      0.0084026705
      0.0055212373
      0.0033335434
      0.0019637594
      0.0013343892
      0.0011249330
      0.0013343892
      0.0019637594
      0.0033335434
      0.0055212373
      0.0084026705
      0.0125698287
      0.0175805263
      0.0223714332
      0.0258875339
      0.0473096053
      0.0450026108
      0.0384534901
      0.0298307548
      0.0212096938
      0.0136835840
      0.0084026705
      0.0051453368
      0.0029954995
      0.0018891288
      0.0016705169
      0.0018891288
      0.0029954995
      0.0051453368
      0.0084026705
      0.0136835840
      0.0212096938
      0.0298307548
      0.0384534901
      0.0450026108
      0.0705019490
      0.0683684362
      0.0605930146
      0.0473791477
      0.0330646661
      0.0212096938
      0.0125698287
      0.0072335862
      0.0041939158
      0.0025378411
      0.0021126104
      0.0025378411
      0.0041939158
      0.0072335862
      0.0125698287
      0.0212096938
      0.0330646661
      0.0473791477
      0.0605930146
      0.0683684362
      0.0688838529
      0.0717831036
      0.0744898980
      0.0660478973
      0.0473791477
      0.0298307548
      0.0175805263
      0.0096619644
      0.0054731952
      0.0033526649
      0.0026233829
      0.0033526649
      0.0054731952
      0.0096619644
      0.0175805263
      0.0298307548
      0.0473791477
      0.0660478973
      0.0744898980
      0.0717831036
      0.0388196609
      0.0462996938
      0.0648591998
      0.0744898980
      0.0605930146
      0.0384534901
      0.0223714332
      0.0121001124
      0.0066500736
      0.0040432480
      0.0030057809
      0.0040432480
      0.0066500736
      0.0121001124
      0.0223714332
      0.0384534901
      0.0605930146
      0.0744898980
      0.0648591998
      0.0462996938
      0.0214488737
      0.0251734639
      0.0462996938
      0.0717831036
      0.0683684362
      0.0450026108
      0.0258875339
      0.0139668659
      0.0075082041
      0.0045339580
      0.0033433945
      0.0045339580
      0.0075082041
      0.0139668659
      0.0258875339
      0.0450026108
      0.0683684362
      0.0717831036
      0.0462996938
      0.0251734639
      0.0219012907
      0.0244783095
      0.0446868331
      0.0714793608
      0.0693348017
      0.0458723568
      0.0264079748
      0.0142931824
      0.0075574797
      0.0045961784
      0.0035633066
      0.0045961784
      0.0075574797
      0.0142931824
      0.0264079748
      0.0458723568
      0.0693348017
      0.0714793608
      0.0446868331
      0.0244783095
      0.0244783095
      0.0300267806
      0.0518808818
      0.0735723314
      0.0669757483
      0.0436147361
      0.0252005313
      0.0136493953
      0.0072880295
      0.0044282592
      0.0034143139
      0.0044282592
      0.0072880295
      0.0136493953
      0.0252005313
      0.0436147361
      0.0669757483
      0.0735723314
      0.0518808818
      0.0300267806
      0.0446868331
      0.0518808818
      0.0682504459
      0.0743079144
      0.0589087590
      0.0373297494
      0.0217909364
      0.0118323756
      0.0064715940
      0.0039598466
      0.0030912323
      0.0039598466
      0.0064715940
      0.0118323756
      0.0217909364
      0.0373297494
      0.0589087590
      0.0743079144
      0.0682504459
      0.0518808818
      0.0714793608
      0.0735723314
      0.0743079144
      0.0643451424
      0.0458439707
      0.0290814552
      0.0171757282
      0.0094599952
      0.0053377155
      0.0032795138
      0.0026668575
      0.0032795138
      0.0053377155
      0.0094599952
      0.0171757282
      0.0290814552
      0.0458439707
      0.0643451424
      0.0743079144
      0.0735723314
      0.0693348017
      0.0669757483
      0.0589087590
      0.0458439707
      0.0321066670
      0.0207693400
      0.0122962902
      0.0070372070
      0.0040836731
      0.0024959959
      0.0021189433
      0.0024959959
      0.0040836731
      0.0070372070
      0.0122962902
      0.0207693400
      0.0321066670
      0.0458439707
      0.0589087590
      0.0669757483
      0.0458723568
      0.0436147361
      0.0373297494
      0.0290814552
      0.0207693400
      0.0134730025
      0.0082135933
      0.0049358788
      0.0028988666
      0.0018650697
      0.0016448290
      0.0018650697
      0.0028988666
      0.0049358788
      0.0082135933
      0.0134730025
      0.0207693400
      0.0290814552
      0.0373297494
      0.0436147361
      0.0264079748
      0.0252005313
      0.0217909364
      0.0171757282
      0.0122962902
      0.0082135933
      0.0053584329
      0.0032288208
      0.0019521171
      0.0013454945
      0.0011248082
      0.0013454945
      0.0019521171
      0.0032288208
      0.0053584329
      0.0082135933
      0.0122962902
      0.0171757282
      0.0217909364
      0.0252005313
      0.0142931824
      0.0136493953
      0.0118323756
      0.0094599952
      0.0070372070
      0.0049358788
      0.0032288208
      0.0019789091
      0.0013538937
      0.0009529868
      0.0007565536
      0.0009529868
      0.0013538937
      0.0019789091
      0.0032288208
      0.0049358788
      0.0070372070
      0.0094599952
      0.0118323756
      0.0136493953
      0.0075574797
      0.0072880295
      0.0064715940
      0.0053377155
      0.0040836731
      0.0028988666
      0.0019521171
      0.0013538937
      0.0009043854
      0.0006184949
      0.0006129815
      0.0006184949
      0.0009043854
      0.0013538937
      0.0019521171
      0.0028988666
      0.0040836731
      0.0053377155
      0.0064715940
      0.0072880295
      0.0045961784
      0.0044282592
      0.0039598466
      0.0032795138
      0.0024959959
      0.0018650697
      0.0013454945
      0.0009529868
      0.0006184949
      0.0004030411
      0.0004218989
      0.0004030411
      0.0006184949
      0.0009529868
      0.0013454945
      0.0018650697
      0.0024959959
      0.0032795138
      0.0039598466
      0.0044282592
      0.0035633066
      0.0034143139
      0.0030912323
      0.0026668575
      0.0021189433
      0.0016448290
      0.0011248082
      0.0007565536
      0.0006129815
      0.0004218989
      0.0003496685
      0.0004218989
      0.0006129815
      0.0007565536
      0.0011248082
      0.0016448290
      0.0021189433
      0.0026668575
      0.0030912323
      0.0034143139
      0.0045961784
      0.0044282592
      0.0039598466
      0.0032795138
      0.0024959959
      0.0018650697
      0.0013454945
      0.0009529868
      0.0006184949
      0.0004030411
      0.0004218989
      0.0004030411
      0.0006184949
      0.0009529868
      0.0013454945
      0.0018650697
      0.0024959959
      0.0032795138
      0.0039598466
      0.0044282592
      0.0075574797
      0.0072880295
      0.0064715940
      0.0053377155
      0.0040836731
      0.0028988666
      0.0019521171
      0.0013538937
      0.0009043854
      0.0006184949
      0.0006129815
      0.0006184949
      0.0009043854
      0.0013538937
      0.0019521171
      0.0028988666
      0.0040836731
      0.0053377155
      0.0064715940
      0.0072880295
      0.0142931824
      0.0136493953
      0.0118323756
      0.0094599952
      0.0070372070
      0.0049358788
      0.0032288208
      0.0019789091
      0.0013538937
      0.0009529868
      0.0007565536
      0.0009529868
      0.0013538937
      0.0019789091
      0.0032288208
      0.0049358788
      0.0070372070
      0.0094599952
      0.0118323756
      0.0136493953
      0.0264079748
      0.0252005313
      0.0217909364
      0.0171757282
      0.0122962902
      0.0082135933
      0.0053584329
      0.0032288208
      0.0019521171
      0.0013454945
      0.0011248082
      0.0013454945
      0.0019521171
      0.0032288208
      0.0053584329
      0.0082135933
      0.0122962902
      0.0171757282
      0.0217909364
      0.0252005313
      0.0458723568
      0.0436147361
      0.0373297494
      0.0290814552
      0.0207693400
      0.0134730025
      0.0082135933
      0.0049358788
      0.0028988666
      0.0018650697
      0.0016448290
      0.0018650697
      0.0028988666
      0.0049358788
      0.0082135933
      0.0134730025
      0.0207693400
      0.0290814552
      0.0373297494
      0.0436147361
      0.0693348017
      0.0669757483
      0.0589087590
      0.0458439707
      0.0321066670
      0.0207693400
      0.0122962902
      0.0070372070
      0.0040836731
      0.0024959959
      0.0021189433
      0.0024959959
      0.0040836731
      0.0070372070
      0.0122962902
      0.0207693400
      0.0321066670
      0.0458439707
      0.0589087590
      0.0669757483
      0.0714793608
      0.0735723314
      0.0743079144
      0.0643451424
      0.0458439707
      0.0290814552
      0.0171757282
      0.0094599952
      0.0053377155
      0.0032795138
      0.0026668575
      0.0032795138
      0.0053377155
      0.0094599952
      0.0171757282
      0.0290814552
      0.0458439707
      0.0643451424
      0.0743079144
      0.0735723314
      0.0446868331
      0.0518808818
      0.0682504459
      0.0743079144
      0.0589087590
      0.0373297494
      0.0217909364
      0.0118323756
      0.0064715940
      0.0039598466
      0.0030912323
      0.0039598466
      0.0064715940
      0.0118323756
      0.0217909364
      0.0373297494
      0.0589087590
      0.0743079144
      0.0682504459
      0.0518808818
      0.0244783095
      0.0300267806
      0.0518808818
      0.0735723314
      0.0669757483
      0.0436147361
      0.0252005313
      0.0136493953
      0.0072880295
      0.0044282592
      0.0034143139
      0.0044282592
      0.0072880295
      0.0136493953
      0.0252005313
      0.0436147361
      0.0669757483
      0.0735723314
      0.0518808818
      0.0300267806
      0.0330192867
      0.0399801654
      0.0608629248
      0.0763387636
      0.0653112776
      0.0419545519
      0.0243818155
      0.0133182967
      0.0071007626
      0.0043034885
      0.0034576841
      0.0043034885
      0.0071007626
      0.0133182967
      0.0243818155
      0.0419545519
      0.0653112776
      0.0763387636
      0.0608629248
      0.0399801654
      0.0399801654
      0.0473651118
      0.0661863423
      0.0763873083
      0.0625627593
      0.0398648512
      0.0232212511
      0.0127342042
      0.0068798495
      0.0041808820
      0.0033841449
      0.0041808820
      0.0068798495
      0.0127342042
      0.0232212511
      0.0398648512
      0.0625627593
      0.0763873083
      0.0661863423
      0.0473651118
      0.0608629248
      0.0661863423
      0.0754231155
      0.0725723449
      0.0542178305
      0.0342562617
      0.0200761852
      0.0110764048
      0.0061115214
      0.0037043656
      0.0030712087
      0.0037043656
      0.0061115214
      0.0110764048
      0.0200761852
      0.0342562617
      0.0542178305
      0.0725723449
      0.0754231155
      0.0661863423
      0.0763387636
      0.0763873083
      0.0725723449
      0.0596576288
      0.0418898277
      0.0268570712
      0.0158699715
      0.0089117605
      0.0050609382
      0.0030656495
      0.0026339084
      0.0030656495
      0.0050609382
      0.0089117605
      0.0158699715
      0.0268570712
      0.0418898277
      0.0596576288
      0.0725723449
      0.0763873083
      0.0653112776
      0.0625627593
      0.0542178305
      0.0418898277
      0.0294640289
      0.0192173230
      0.0114211475
      0.0066432960
      0.0039032610
      0.0023897032
      0.0020820049
      0.0023897032
      0.0039032610
      0.0066432960
      0.0114211475
      0.0192173230
      0.0294640289
      0.0418898277
      0.0542178305
      0.0625627593
      0.0419545519
      0.0398648512
      0.0342562617
      0.0268570712
      0.0192173230
      0.0125892815
      0.0077294940
      0.0046087190
      0.0027633834
      0.0018011202
      0.0015546099
      0.0018011202
      0.0027633834
      0.0046087190
      0.0077294940
      0.0125892815
      0.0192173230
      0.0268570712
      0.0342562617
      0.0398648512
      0.0243818155
      0.0232212511
      0.0200761852
      0.0158699715
      0.0114211475
      0.0077294940
      0.0050466616
      0.0030491177
      0.0019260361
      0.0013243406
      0.0010664735
      0.0013243406
      0.0019260361
      0.0030491177
      0.0050466616
      0.0077294940
      0.0114211475
      0.0158699715
      0.0200761852
      0.0232212511
      0.0133182967
      0.0127342042
      0.0110764048
      0.0089117605
      0.0066432960
      0.0046087190
      0.0030491177
      0.0019731467
      0.0013184662
      0.0008831032
      0.0007290012
      0.0008831032
      0.0013184662
      0.0019731467
      0.0030491177
      0.0046087190
      0.0066432960
      0.0089117605
      0.0110764048
      0.0127342042
      0.0071007626
      0.0068798495
      0.0061115214
      0.0050609382
      0.0039032610
      0.0027633834
      0.0019260361
      0.0013184662
      0.0007747208
      0.0005958145
      0.0007050622
      0.0005958145
      0.0007747208
      0.0013184662
      0.0019260361
      0.0027633834
      0.0039032610
      0.0050609382
      0.0061115214
      0.0068798495
      0.0043034885
      0.0041808820
      0.0037043656
      0.0030656495
      0.0023897032
      0.0018011202
      0.0013243406
      0.0008831032
      0.0005958145
      0.0004444584
      0.0004184904
      0.0004444584
      0.0005958145
      0.0008831032
      0.0013243406
      0.0018011202
      0.0023897032
      0.0030656495
      0.0037043656
      0.0041808820
      0.0034576841
      0.0033841449
      0.0030712087
      0.0026339084
      0.0020820049
      0.0015546099
      0.0010664735
      0.0007290012
      0.0007050622
      0.0004184904
      0.0001331268
      0.0004184904
      0.0007050622
      0.0007290012
      0.0010664735
      0.0015546099
      0.0020820049
      0.0026339084
      0.0030712087
      0.0033841449
      0.0043034885
      0.0041808820
      0.0037043656
      0.0030656495
      0.0023897032
      0.0018011202
      0.0013243406
      0.0008831032
      0.0005958145
      0.0004444584
      0.0004184904
      0.0004444584
      0.0005958145
      0.0008831032
      0.0013243406
      0.0018011202
      0.0023897032
      0.0030656495
      0.0037043656
      0.0041808820
      0.0071007626
      0.0068798495
      0.0061115214
      0.0050609382
      0.0039032610
      0.0027633834
      0.0019260361
      0.0013184662
      0.0007747208
      0.0005958145
      0.0007050622
      0.0005958145
      0.0007747208
      0.0013184662
      0.0019260361
      0.0027633834
      0.0039032610
      0.0050609382
      0.0061115214
      0.0068798495
      0.0133182967
      0.0127342042
      0.0110764048
      0.0089117605
      0.0066432960
      0.0046087190
      0.0030491177
      0.0019731467
      0.0013184662
      0.0008831032
      0.0007290012
      0.0008831032
      0.0013184662
      0.0019731467
      0.0030491177
      0.0046087190
      0.0066432960
      0.0089117605
      0.0110764048
      0.0127342042
      0.0243818155
      0.0232212511
      0.0200761852
      0.0158699715
      0.0114211475
      0.0077294940
      0.0050466616
      0.0030491177
      0.0019260361
      0.0013243406
      0.0010664735
      0.0013243406
      0.0019260361
      0.0030491177
      0.0050466616
      0.0077294940
      0.0114211475
      0.0158699715
      0.0200761852
      0.0232212511
      0.0419545519
      0.0398648512
      0.0342562617
      0.0268570712
      0.0192173230
      0.0125892815
      0.0077294940
      0.0046087190
      0.0027633834
      0.0018011202
      0.0015546099
      0.0018011202
      0.0027633834
      0.0046087190
      0.0077294940
      0.0125892815
      0.0192173230
      0.0268570712
      0.0342562617
      0.0398648512
      0.0653112776
      0.0625627593
      0.0542178305
      0.0418898277
      0.0294640289
      0.0192173230
      0.0114211475
      0.0066432960
      0.0039032610
      0.0023897032
      0.0020820049
      0.0023897032
      0.0039032610
      0.0066432960
      0.0114211475
      0.0192173230
      0.0294640289
      0.0418898277
      0.0542178305
      0.0625627593
      0.0763387636
      0.0763873083
      0.0725723449
      0.0596576288
      0.0418898277
      0.0268570712
      0.0158699715
      0.0089117605
      0.0050609382
      0.0030656495
      0.0026339084
      0.0030656495
      0.0050609382
      0.0089117605
      0.0158699715
      0.0268570712
      0.0418898277
      0.0596576288
      0.0725723449
      0.0763873083
      0.0608629248
      0.0661863423
      0.0754231155
      0.0725723449
      0.0542178305
      0.0342562617
      0.0200761852
      0.0110764048
      0.0061115214
      0.0037043656
      0.0030712087
      0.0037043656
      0.0061115214
      0.0110764048
      0.0200761852
      0.0342562617
      0.0542178305
      0.0725723449
      0.0754231155
      0.0661863423
      0.0399801654
      0.0473651118
      0.0661863423
      0.0763873083
      0.0625627593
      0.0398648512
      0.0232212511
      0.0127342042
      0.0068798495
      0.0041808820
      0.0033841449
      0.0041808820
      0.0068798495
      0.0127342042
      0.0232212511
      0.0398648512
      0.0625627593
      0.0763873083
      0.0661863423
      0.0473651118
      0.0624690987
      0.0680244015
      0.0783983611
      0.0767434921
      0.0579712468
      0.0367390026
      0.0215630774
      0.0118591252
      0.0066411646
      0.0040285488
      0.0031723417
      0.0040285488
      0.0066411646
      0.0118591252
      0.0215630774
      0.0367390026
      0.0579712468
      0.0767434921
      0.0783983611
      0.0680244015
      0.0680244015
      0.0725696521
      0.0796883716
      0.0745804345
      0.0551399057
      0.0349385248
      0.0205350497
      0.0113904291
      0.0064389316
      0.0039022491
      0.0031336608
      0.0039022491
      0.0064389316
      0.0113904291
      0.0205350497
      0.0349385248
      0.0551399057
      0.0745804345
      0.0796883716
      0.0725696521
      0.0783983611
      0.0796883716
      0.0785030876
      0.0666876732
      0.0473695964
      0.0301688906
      0.0177430069
      0.0099984916
      0.0057054282
      0.0033986166
      0.0028434879
      0.0033986166
      0.0057054282
      0.0099984916
      0.0177430069
      0.0301688906
      0.0473695964
      0.0666876732
      0.0785030876
      0.0796883716
      0.0767434921
      0.0745804345
      0.0666876732
      0.0525146637
      0.0367448017
      0.0237375232
      0.0140182290
      0.0081300987
      0.0047202273
      0.0028267258
      0.0024935373
      0.0028267258
      0.0047202273
      0.0081300987
      0.0140182290
      0.0237375232
      0.0367448017
      0.0525146637
      0.0666876732
      0.0745804345
      0.0579712468
      0.0551399057
      0.0473695964
      0.0367448017
      0.0259856274
      0.0169034375
      0.0102117389
      0.0061821101
      0.0036683744
      0.0022500907
      0.0019987705
      0.0022500907
      0.0036683744
      0.0061821101
      0.0102117389
      0.0169034375
      0.0259856274
      0.0367448017
      0.0473695964
      0.0551399057
      0.0367390026
      0.0349385248
      0.0301688906
      0.0237375232
      0.0169034375
      0.0111780427
      0.0071211883
      0.0043514066
      0.0026155138
      0.0016961458
      0.0014462233
      0.0016961458
      0.0026155138
      0.0043514066
      0.0071211883
      0.0111780427
      0.0169034375
      0.0237375232
      0.0301688906
      0.0349385248
      0.0215630774
      0.0205350497
      0.0177430069
      0.0140182290
      0.0102117389
      0.0071211883
      0.0047012230
      0.0028354766
      0.0018265623
      0.0012660703
      0.0010238884
      0.0012660703
      0.0018265623
      0.0028354766
      0.0047012230
      0.0071211883
      0.0102117389
      0.0140182290
      0.0177430069
      0.0205350497
      0.0118591252
      0.0113904291
      0.0099984916
      0.0081300987
      0.0061821101
      0.0043514066
      0.0028354766
      0.0018598898
      0.0012624304
      0.0007958930
      0.0006392917
      0.0007958930
      0.0012624304
      0.0018598898
      0.0028354766
      0.0043514066
      0.0061821101
      0.0081300987
      0.0099984916
      0.0113904291
      0.0066411646
      0.0064389316
      0.0057054282
      0.0047202273
      0.0036683744
      0.0026155138
      0.0018265623
      0.0012624304
      0.0007511014
      0.0005397543
      0.0006096176
      0.0005397543
      0.0007511014
      0.0012624304
      0.0018265623
      0.0026155138
      0.0036683744
      0.0047202273
      0.0057054282
      0.0064389316
      0.0040285488
      0.0039022491
      0.0033986166
      0.0028267258
      0.0022500907
      0.0016961458
      0.0012660703
      0.0007958930
      0.0005397543
      0.0004882117
      0.0004808382
      0.0004882117
      0.0005397543
      0.0007958930
      0.0012660703
      0.0016961458
      0.0022500907
      0.0028267258
      0.0033986166
      0.0039022491
      0.0031723417
      0.0031336608
      0.0028434879
      0.0024935373
      0.0019987705
      0.0014462233
      0.0010238884
      0.0006392917
      0.0006096176
      0.0004808382
      0.0002632324
      0.0004808382
      0.0006096176
      0.0006392917
      0.0010238884
      0.0014462233
      0.0019987705
      0.0024935373
      0.0028434879
      0.0031336608
      0.0040285488
      0.0039022491
      0.0033986166
      0.0028267258
      0.0022500907
      0.0016961458
      0.0012660703
      0.0007958930
      0.0005397543
      0.0004882117
      0.0004808382
      0.0004882117
      0.0005397543
      0.0007958930
      0.0012660703
      0.0016961458
      0.0022500907
      0.0028267258
      0.0033986166
      0.0039022491
      0.0066411646
      0.0064389316
      0.0057054282
      0.0047202273
      0.0036683744
      0.0026155138
      0.0018265623
      0.0012624304
      0.0007511014
      0.0005397543
      0.0006096176
      0.0005397543
      0.0007511014
      0.0012624304
      0.0018265623
      0.0026155138
      0.0036683744
      0.0047202273
      0.0057054282
      0.0064389316
      0.0118591252
      0.0113904291
      0.0099984916
      0.0081300987
      0.0061821101
      0.0043514066
      0.0028354766
      0.0018598898
      0.0012624304
      0.0007958930
      0.0006392917
      0.0007958930
      0.0012624304
      0.0018598898
      0.0028354766
      0.0043514066
      0.0061821101
      0.0081300987
      0.0099984916
      0.0113904291
      0.0215630774
      0.0205350497
      0.0177430069
      0.0140182290
      0.0102117389
      0.0071211883
      0.0047012230
      0.0028354766
      0.0018265623
      0.0012660703
      0.0010238884
      0.0012660703
      0.0018265623
      0.0028354766
      0.0047012230
      0.0071211883
      0.0102117389
      0.0140182290
      0.0177430069
      0.0205350497
      0.0367390026
      0.0349385248
      0.0301688906
      0.0237375232
      0.0169034375
      0.0111780427
      0.0071211883
      0.0043514066
      0.0026155138
      0.0016961458
      0.0014462233
      0.0016961458
      0.0026155138
      0.0043514066
      0.0071211883
      0.0111780427
      0.0169034375
      0.0237375232
      0.0301688906
      0.0349385248
      0.0579712468
      0.0551399057
      0.0473695964
      0.0367448017
      0.0259856274
      0.0169034375
      0.0102117389
      0.0061821101
      0.0036683744
      0.0022500907
      0.0019987705
      0.0022500907
      0.0036683744
      0.0061821101
      0.0102117389
      0.0169034375
      0.0259856274
      0.0367448017
      0.0473695964
      0.0551399057
      0.0767434921
      0.0745804345
      0.0666876732
      0.0525146637
      0.0367448017
      0.0237375232
      0.0140182290
      0.0081300987
      0.0047202273
      0.0028267258
      0.0024935373
      0.0028267258
      0.0047202273
      0.0081300987
      0.0140182290
      0.0237375232
      0.0367448017
      0.0525146637
      0.0666876732
      0.0745804345
      0.0783983611
      0.0796883716
      0.0785030876
      0.0666876732
      0.0473695964
      0.0301688906
      0.0177430069
      0.0099984916
      0.0057054282
      0.0033986166
      0.0028434879
      0.0033986166
      0.0057054282
      0.0099984916
      0.0177430069
      0.0301688906
      0.0473695964
      0.0666876732
      0.0785030876
      0.0796883716
      0.0680244015
      0.0725696521
      0.0796883716
      0.0745804345
      0.0551399057
      0.0349385248
      0.0205350497
      0.0113904291
      0.0064389316
      0.0039022491
      0.0031336608
      0.0039022491
      0.0064389316
      0.0113904291
      0.0205350497
      0.0349385248
      0.0551399057
      0.0745804345
      0.0796883716
      0.0725696521
      0.0888967163
      0.0888453324
      0.0844727391
      0.0698811611
      0.0492660121
      0.0316142915
      0.0188125834
      0.0104571125
      0.0060643632
      0.0037425634
      0.0029528099
      0.0037425634
      0.0060643632
      0.0104571125
      0.0188125834
      0.0316142915
      0.0492660121
      0.0698811611
      0.0844727391
      0.0888453324
      0.0888453324
      0.0879992858
      0.0819603433
      0.0665997478
      0.0467703905
      0.0301571940
      0.0179719670
      0.0100684844
      0.0058564408
      0.0036289033
      0.0029436151
      0.0036289033
      0.0058564408
      0.0100684844
      0.0179719670
      0.0301571940
      0.0467703905
      0.0665997478
      0.0819603433
      0.0879992858
      0.0844727391
      0.0819603433
      0.0729990600
      0.0573622040
      0.0401921778
      0.0261348749
      0.0155910140
      0.0089317183
      0.0052181376
      0.0031929421
      0.0026906471
      0.0031929421
      0.0052181376
      0.0089317183
      0.0155910140
      0.0261348749
      0.0401921778
      0.0573622040
      0.0729990600
      0.0819603433
      0.0698811611
      0.0665997478
      0.0573622040
      0.0445231891
      0.0315831614
      0.0206562163
      0.0124037118
      0.0073162833
      0.0043096692
      0.0026906186
      0.0023734562
      0.0026906186
      0.0043096692
      0.0073162833
      0.0124037118
      0.0206562163
      0.0315831614
      0.0445231891
      0.0573622040
      0.0665997478
      0.0492660121
      0.0467703905
      0.0401921778
      0.0315831614
      0.0226344572
      0.0148358833
      0.0092038678
      0.0055886550
      0.0033000352
      0.0021345426
      0.0018981778
      0.0021345426
      0.0033000352
      0.0055886550
      0.0092038678
      0.0148358833
      0.0226344572
      0.0315831614
      0.0401921778
      0.0467703905
      0.0316142915
      0.0301571940
      0.0261348749
      0.0206562163
      0.0148358833
      0.0099496680
      0.0064961639
      0.0039905318
      0.0023930620
      0.0015958197
      0.0013645997
      0.0015958197
      0.0023930620
      0.0039905318
      0.0064961639
      0.0099496680
      0.0148358833
      0.0206562163
      0.0261348749
      0.0301571940
      0.0188125834
      0.0179719670
      0.0155910140
      0.0124037118
      0.0092038678
      0.0064961639
      0.0042618646
      0.0025788524
      0.0016621684
      0.0012097356
      0.0010704484
      0.0012097356
      0.0016621684
      0.0025788524
      0.0042618646
      0.0064961639
      0.0092038678
      0.0124037118
      0.0155910140
      0.0179719670
      0.0104571125
      0.0100684844
      0.0089317183
      0.0073162833
      0.0055886550
      0.0039905318
      0.0025788524
      0.0017004309
      0.0012035616
      0.0008107359
      0.0007102456
      0.0008107359
      0.0012035616
      0.0017004309
      0.0025788524
      0.0039905318
      0.0055886550
      0.0073162833
      0.0089317183
      0.0100684844
      0.0060643632
      0.0058564408
      0.0052181376
      0.0043096692
      0.0033000352
      0.0023930620
      0.0016621684
      0.0012035616
      0.0008526693
      0.0005477760
      0.0004906351
      0.0005477760
      0.0008526693
      0.0012035616
      0.0016621684
      0.0023930620
      0.0033000352
      0.0043096692
      0.0052181376
      0.0058564408
      0.0037425634
      0.0036289033
      0.0031929421
      0.0026906186
      0.0021345426
      0.0015958197
      0.0012097356
      0.0008107359
      0.0005477760
      0.0004254250
      0.0003904490
      0.0004254250
      0.0005477760
      0.0008107359
      0.0012097356
      0.0015958197
      0.0021345426
      0.0026906186
      0.0031929421
      0.0036289033
      0.0029528099
      0.0029436151
      0.0026906471
      0.0023734562
      0.0018981778
      0.0013645997
      0.0010704484
      0.0007102456
      0.0004906351
      0.0003904490
      0.0003121044
      0.0003904490
      0.0004906351
      0.0007102456
      0.0010704484
      0.0013645997
      0.0018981778
      0.0023734562
      0.0026906471
      0.0029436151
      0.0037425634
      0.0036289033
      0.0031929421
      0.0026906186
      0.0021345426
      0.0015958197
      0.0012097356
      0.0008107359
      0.0005477760
      0.0004254250
      0.0003904490
      0.0004254250
      0.0005477760
      0.0008107359
      0.0012097356
      0.0015958197
      0.0021345426
      0.0026906186
      0.0031929421
      0.0036289033
      0.0060643632
      0.0058564408
      0.0052181376
      0.0043096692
      0.0033000352
      0.0023930620
      0.0016621684
      0.0012035616
      0.0008526693
      0.0005477760
      0.0004906351
      0.0005477760
      0.0008526693
      0.0012035616
      0.0016621684
      0.0023930620
      0.0033000352
      0.0043096692
      0.0052181376
      0.0058564408
      0.0104571125
      0.0100684844
      0.0089317183
      0.0073162833
      0.0055886550
      0.0039905318
      0.0025788524
      0.0017004309
      0.0012035616
      0.0008107359
      0.0007102456
      0.0008107359
      0.0012035616
      0.0017004309
      0.0025788524
      0.0039905318
      0.0055886550
      0.0073162833
      0.0089317183
      0.0100684844
      0.0188125834
      0.0179719670
      0.0155910140
      0.0124037118
      0.0092038678
      0.0064961639
      0.0042618646
      0.0025788524
      0.0016621684
      0.0012097356
      0.0010704484
      0.0012097356
      0.0016621684
      0.0025788524
      0.0042618646
      0.0064961639
      0.0092038678
      0.0124037118
      0.0155910140
      0.0179719670
      0.0316142915
      0.0301571940
      0.0261348749
      0.0206562163
      0.0148358833
      0.0099496680
      0.0064961639
      0.0039905318
      0.0023930620
      0.0015958197
      0.0013645997
      0.0015958197
      0.0023930620
      0.0039905318
      0.0064961639
      0.0099496680
      0.0148358833
      0.0206562163
      0.0261348749
      0.0301571940
      0.0492660121
      0.0467703905
      0.0401921778
      0.0315831614
      0.0226344572
      0.0148358833
      0.0092038678
      0.0055886550
      0.0033000352
      0.0021345426
      0.0018981778
      0.0021345426
      0.0033000352
      0.0055886550
      0.0092038678
      0.0148358833
      0.0226344572
      0.0315831614
      0.0401921778
      0.0467703905
      0.0698811611
      0.0665997478
      0.0573622040
      0.0445231891
      0.0315831614
      0.0206562163
      0.0124037118
      0.0073162833
      0.0043096692
      0.0026906186
      0.0023734562
      0.0026906186
      0.0043096692
      0.0073162833
      0.0124037118
      0.0206562163
      0.0315831614
      0.0445231891
      0.0573622040
      0.0665997478
      0.0844727391
      0.0819603433
      0.0729990600
      0.0573622040
      0.0401921778
      0.0261348749
      0.0155910140
      0.0089317183
      0.0052181376
      0.0031929421
      0.0026906471
      0.0031929421
      0.0052181376
      0.0089317183
      0.0155910140
      0.0261348749
      0.0401921778
      0.0573622040
      0.0729990600
      0.0819603433
      0.0888453324
      0.0879992858
      0.0819603433
      0.0665997478
      0.0467703905
      0.0301571940
      0.0179719670
      0.0100684844
      0.0058564408
      0.0036289033
      0.0029436151
      0.0036289033
      0.0058564408
      0.0100684844
      0.0179719670
      0.0301571940
      0.0467703905
      0.0665997478
      0.0819603433
      0.0879992858
      0.0944168143
      0.0906159789
      0.0788604044
      0.0612562674
      0.0429195046
      0.0276962444
      0.0167036295
      0.0096969828
      0.0056130944
      0.0034850886
      0.0028910442
      0.0034850886
      0.0056130944
      0.0096969828
      0.0167036295
      0.0276962444
      0.0429195046
      0.0612562674
      0.0788604044
      0.0906159789
      0.0906159789
      0.0867357495
      0.0750885932
      0.0581876424
      0.0408989252
      0.0265255825
      0.0160143259
      0.0092694214
      0.0053563817
      0.0033904886
      0.0028853379
      0.0033904886
      0.0053563817
      0.0092694214
      0.0160143259
      0.0265255825
      0.0408989252
      0.0581876424
      0.0750885932
      0.0867357495
      0.0788604044
      0.0750885932
      0.0644394513
      0.0498705602
      0.0352381144
      0.0229757643
      0.0140009407
      0.0082297209
      0.0048131339
      0.0030489098
      0.0025834120
      0.0030489098
      0.0048131339
      0.0082297209
      0.0140009407
      0.0229757643
      0.0352381144
      0.0498705602
      0.0644394513
      0.0750885932
      0.0612562674
      0.0581876424
      0.0498705602
      0.0388999198
      0.0277265576
      0.0182139933
      0.0113362182
      0.0067554363
      0.0040223819
      0.0026129333
      0.0021721470
      0.0026129333
      0.0040223819
      0.0067554363
      0.0113362182
      0.0182139933
      0.0277265576
      0.0388999198
      0.0498705602
      0.0581876424
      0.0429195046
      0.0408989252
      0.0352381144
      0.0277265576
      0.0200071840
      0.0133910939
      0.0085580039
      0.0050691732
      0.0030618692
      0.0021047633
      0.0017311789
      0.0021047633
      0.0030618692
      0.0050691732
      0.0085580039
      0.0133910939
      0.0200071840
      0.0277265576
      0.0352381144
      0.0408989252
      0.0276962444
      0.0265255825
      0.0229757643
      0.0182139933
      0.0133910939
      0.0091310782
      0.0059491239
      0.0036708401
      0.0023305391
      0.0015846703
      0.0012630419
      0.0015846703
      0.0023305391
      0.0036708401
      0.0059491239
      0.0091310782
      0.0133910939
      0.0182139933
      0.0229757643
      0.0265255825
      0.0167036295
      0.0160143259
      0.0140009407
      0.0113362182
      0.0085580039
      0.0059491239
      0.0038960149
      0.0025087434
      0.0016020601
      0.0011119318
      0.0010230177
      0.0011119318
      0.0016020601
      0.0025087434
      0.0038960149
      0.0059491239
      0.0085580039
      0.0113362182
      0.0140009407
      0.0160143259
      0.0096969828
      0.0092694214
      0.0082297209
      0.0067554363
      0.0050691732
      0.0036708401
      0.0025087434
      0.0016791708
      0.0010886177
      0.0007599703
      0.0007801845
      0.0007599703
      0.0010886177
      0.0016791708
      0.0025087434
      0.0036708401
      0.0050691732
      0.0067554363
      0.0082297209
      0.0092694214
      0.0056130944
      0.0053563817
      0.0048131339
      0.0040223819
      0.0030618692
      0.0023305391
      0.0016020601
      0.0010886177
      0.0008327371
      0.0005614075
      0.0004859611
      0.0005614075
      0.0008327371
      0.0010886177
      0.0016020601
      0.0023305391
      0.0030618692
      0.0040223819
      0.0048131339
      0.0053563817
      0.0034850886
      0.0033904886
      0.0030489098
      0.0026129333
      0.0021047633
      0.0015846703
      0.0011119318
      0.0007599703
      0.0005614075
      0.0003966848
      0.0003503810
      0.0003966848
      0.0005614075
      0.0007599703
      0.0011119318
      0.0015846703
      0.0021047633
      0.0026129333
      0.0030489098
      0.0033904886
      0.0028910442
      0.0028853379
      0.0025834120
      0.0021721470
      0.0017311789
      0.0012630419
      0.0010230177
      0.0007801845
      0.0004859611
      0.0003503810
      0.0003640013
      0.0003503810
      0.0004859611
      0.0007801845
      0.0010230177
      0.0012630419
      0.0017311789
      0.0021721470
      0.0025834120
      0.0028853379
      0.0034850886
      0.0033904886
      0.0030489098
      0.0026129333
      0.0021047633
      0.0015846703
      0.0011119318
      0.0007599703
      0.0005614075
      0.0003966848
      0.0003503810
      0.0003966848
      0.0005614075
      0.0007599703
      0.0011119318
      0.0015846703
      0.0021047633
      0.0026129333
      0.0030489098
      0.0033904886
      0.0056130944
      0.0053563817
      0.0048131339
      0.0040223819
      0.0030618692
      0.0023305391
      0.0016020601
      0.0010886177
      0.0008327371
      0.0005614075
      0.0004859611
      0.0005614075
      0.0008327371
      0.0010886177
      0.0016020601
      0.0023305391
      0.0030618692
      0.0040223819
      0.0048131339
      0.0053563817
      0.0096969828
      0.0092694214
      0.0082297209
      0.0067554363
      0.0050691732
      0.0036708401
      0.0025087434
      0.0016791708
      0.0010886177
      0.0007599703
      0.0007801845
      0.0007599703
      0.0010886177
      0.0016791708
      0.0025087434
      0.0036708401
      0.0050691732
      0.0067554363
      0.0082297209
      0.0092694214
      0.0167036295
      0.0160143259
      0.0140009407
      0.0113362182
      0.0085580039
      0.0059491239
      0.0038960149
      0.0025087434
      0.0016020601
      0.0011119318
      0.0010230177
      0.0011119318
      0.0016020601
      0.0025087434
      0.0038960149
      0.0059491239
      0.0085580039
      0.0113362182
      0.0140009407
      0.0160143259
      0.0276962444
      0.0265255825
      0.0229757643
      0.0182139933
      0.0133910939
      0.0091310782
      0.0059491239
      0.0036708401
      0.0023305391
      0.0015846703
      0.0012630419
      0.0015846703
      0.0023305391
      0.0036708401
      0.0059491239
      0.0091310782
      0.0133910939
      0.0182139933
      0.0229757643
      0.0265255825
      0.0429195046
      0.0408989252
      0.0352381144
      0.0277265576
      0.0200071840
      0.0133910939
      0.0085580039
      0.0050691732
      0.0030618692
      0.0021047633
      0.0017311789
      0.0021047633
      0.0030618692
      0.0050691732
      0.0085580039
      0.0133910939
      0.0200071840
      0.0277265576
      0.0352381144
      0.0408989252
      0.0612562674
      0.0581876424
      0.0498705602
      0.0388999198
      0.0277265576
      0.0182139933
      0.0113362182
      0.0067554363
      0.0040223819
      0.0026129333
      0.0021721470
      0.0026129333
      0.0040223819
      0.0067554363
      0.0113362182
      0.0182139933
      0.0277265576
      0.0388999198
      0.0498705602
      0.0581876424
      0.0788604044
      0.0750885932
      0.0644394513
      0.0498705602
      0.0352381144
      0.0229757643
      0.0140009407
      0.0082297209
      0.0048131339
      0.0030489098
      0.0025834120
      0.0030489098
      0.0048131339
      0.0082297209
      0.0140009407
      0.0229757643
      0.0352381144
      0.0498705602
      0.0644394513
      0.0750885932
      0.0906159789
      0.0867357495
      0.0750885932
      0.0581876424
      0.0408989252
      0.0265255825
      0.0160143259
      0.0092694214
      0.0053563817
      0.0033904886
      0.0028853379
      0.0033904886
      0.0053563817
      0.0092694214
      0.0160143259
      0.0265255825
      0.0408989252
      0.0581876424
      0.0750885932
      0.0867357495
      0.0917327715
      0.0871375105
      0.0744002083
      0.0576345382
      0.0407945779
      0.0261679154
      0.0158606894
      0.0095240478
      0.0054809255
      0.0033819944
      0.0028864392
      0.0033819944
      0.0054809255
      0.0095240478
      0.0158606894
      0.0261679154
      0.0407945779
      0.0576345382
      0.0744002083
      0.0871375105
      0.0871375105
      0.0827621053
      0.0707226282
      0.0549236011
      0.0389944226
      0.0251109856
      0.0152258435
      0.0090462485
      0.0051859007
      0.0032884652
      0.0028677110
      0.0032884652
      0.0051859007
      0.0090462485
      0.0152258435
      0.0251109856
      0.0389944226
      0.0549236011
      0.0707226282
      0.0827621053
      0.0744002083
      0.0707226282
      0.0606824190
      0.0473732998
      0.0336199083
      0.0217130453
      0.0133639362
      0.0080048178
      0.0046709203
      0.0029768827
      0.0025067718
      0.0029768827
      0.0046709203
      0.0080048178
      0.0133639362
      0.0217130453
      0.0336199083
      0.0473732998
      0.0606824190
      0.0707226282
      0.0576345382
      0.0549236011
      0.0473732998
      0.0371099187
      0.0263055340
      0.0172086136
      0.0109324580
      0.0065730082
      0.0039462396
      0.0025731445
      0.0020269714
      0.0025731445
      0.0039462396
      0.0065730082
      0.0109324580
      0.0172086136
      0.0263055340
      0.0371099187
      0.0473732998
      0.0549236011
      0.0407945779
      0.0389944226
      0.0336199083
      0.0263055340
      0.0189373185
      0.0128116365
      0.0083122065
      0.0048794925
      0.0030273253
      0.0021153670
      0.0016248098
      0.0021153670
      0.0030273253
      0.0048794925
      0.0083122065
      0.0128116365
      0.0189373185
      0.0263055340
      0.0336199083
      0.0389944226
      0.0261679154
      0.0251109856
      0.0217130453
      0.0172086136
      0.0128116365
      0.0088027640
      0.0057138246
      0.0035724127
      0.0023814488
      0.0016087631
      0.0011992525
      0.0016087631
      0.0023814488
      0.0035724127
      0.0057138246
      0.0088027640
      0.0128116365
      0.0172086136
      0.0217130453
      0.0251109856
      0.0158606894
      0.0152258435
      0.0133639362
      0.0109324580
      0.0083122065
      0.0057138246
      0.0037730520
      0.0025565981
      0.0016213106
      0.0010444516
      0.0009446517
      0.0010444516
      0.0016213106
      0.0025565981
      0.0037730520
      0.0057138246
      0.0083122065
      0.0109324580
      0.0133639362
      0.0152258435
      0.0095240478
      0.0090462485
      0.0080048178
      0.0065730082
      0.0048794925
      0.0035724127
      0.0025565981
      0.0017211690
      0.0010106306
      0.0006840375
      0.0007666258
      0.0006840375
      0.0010106306
      0.0017211690
      0.0025565981
      0.0035724127
      0.0048794925
      0.0065730082
      0.0080048178
      0.0090462485
      0.0054809255
      0.0051859007
      0.0046709203
      0.0039462396
      0.0030273253
      0.0023814488
      0.0016213106
      0.0010106306
      0.0007598102
      0.0005506463
      0.0005100735
      0.0005506463
      0.0007598102
      0.0010106306
      0.0016213106
      0.0023814488
      0.0030273253
      0.0039462396
      0.0046709203
      0.0051859007
      0.0033819944
      0.0032884652
      0.0029768827
      0.0025731445
      0.0021153670
      0.0016087631
      0.0010444516
      0.0006840375
      0.0005506463
      0.0004220661
      0.0003962631
      0.0004220661
      0.0005506463
      0.0006840375
      0.0010444516
      0.0016087631
      0.0021153670
      0.0025731445
      0.0029768827
      0.0032884652
      0.0028864392
      0.0028677110
      0.0025067718
      0.0020269714
      0.0016248098
      0.0011992525
      0.0009446517
      0.0007666258
      0.0005100735
      0.0003962631
      0.0004545947
      0.0003962631
      0.0005100735
      0.0007666258
      0.0009446517
      0.0011992525
      0.0016248098
      0.0020269714
      0.0025067718
      0.0028677110
      0.0033819944
      0.0032884652
      0.0029768827
      0.0025731445
      0.0021153670
      0.0016087631
      0.0010444516
      0.0006840375
      0.0005506463
      0.0004220661
      0.0003962631
      0.0004220661
      0.0005506463
      0.0006840375
      0.0010444516
      0.0016087631
      0.0021153670
      0.0025731445
      0.0029768827
      0.0032884652
      0.0054809255
      0.0051859007
      0.0046709203
      0.0039462396
      0.0030273253
      0.0023814488
      0.0016213106
      0.0010106306
      0.0007598102
      0.0005506463
      0.0005100735
      0.0005506463
      0.0007598102
      0.0010106306
      0.0016213106
      0.0023814488
      0.0030273253
      0.0039462396
      0.0046709203
      0.0051859007
      0.0095240478
      0.0090462485
      0.0080048178
      0.0065730082
      0.0048794925
      0.0035724127
      0.0025565981
      0.0017211690
      0.0010106306
      0.0006840375
      0.0007666258
      0.0006840375
      0.0010106306
      0.0017211690
      0.0025565981
      0.0035724127
      0.0048794925
      0.0065730082
      0.0080048178
      0.0090462485
      0.0158606894
      0.0152258435
      0.0133639362
      0.0109324580
      0.0083122065
      0.0057138246
      0.0037730520
      0.0025565981
      0.0016213106
      0.0010444516
      0.0009446517
      0.0010444516
      0.0016213106
      0.0025565981
      0.0037730520
      0.0057138246
      0.0083122065
      0.0109324580
      0.0133639362
      0.0152258435
      0.0261679154
      0.0251109856
      0.0217130453
      0.0172086136
      0.0128116365
      0.0088027640
      0.0057138246
      0.0035724127
      0.0023814488
      0.0016087631
      0.0011992525
      0.0016087631
      0.0023814488
      0.0035724127
      0.0057138246
      0.0088027640
      0.0128116365
      0.0172086136
      0.0217130453
      0.0251109856
      0.0407945779
      0.0389944226
      0.0336199083
      0.0263055340
      0.0189373185
      0.0128116365
      0.0083122065
      0.0048794925
      0.0030273253
      0.0021153670
      0.0016248098
      0.0021153670
      0.0030273253
      0.0048794925
      0.0083122065
      0.0128116365
      0.0189373185
      0.0263055340
      0.0336199083
      0.0389944226
      0.0576345382
      0.0549236011
      0.0473732998
      0.0371099187
      0.0263055340
      0.0172086136
      0.0109324580
      0.0065730082
      0.0039462396
      0.0025731445
      0.0020269714
      0.0025731445
      0.0039462396
      0.0065730082
      0.0109324580
      0.0172086136
      0.0263055340
      0.0371099187
      0.0473732998
      0.0549236011
      0.0744002083
      0.0707226282
      0.0606824190
      0.0473732998
      0.0336199083
      0.0217130453
      0.0133639362
      0.0080048178
      0.0046709203
      0.0029768827
      0.0025067718
      0.0029768827
      0.0046709203
      0.0080048178
      0.0133639362
      0.0217130453
      0.0336199083
      0.0473732998
      0.0606824190
      0.0707226282
      0.0871375105
      0.0827621053
      0.0707226282
      0.0549236011
      0.0389944226
      0.0251109856
      0.0152258435
      0.0090462485
      0.0051859007
      0.0032884652
      0.0028677110
      0.0032884652
      0.0051859007
      0.0090462485
      0.0152258435
      0.0251109856
      0.0389944226
      0.0549236011
      0.0707226282
      0.0827621053
      0.0944168143
      0.0906159789
      0.0788604044
      0.0612562674
      0.0429195046
      0.0276962444
      0.0167036295
      0.0096969828
      0.0056130944
      0.0034850886
      0.0028910442
      0.0034850886
      0.0056130944
      0.0096969828
      0.0167036295
      0.0276962444
      0.0429195046
      0.0612562674
      0.0788604044
      0.0906159789
      0.0906159789
      0.0867357495
      0.0750885932
      0.0581876424
      0.0408989252
      0.0265255825
      0.0160143259
      0.0092694214
      0.0053563817
      0.0033904886
      0.0028853379
      0.0033904886
      0.0053563817
      0.0092694214
      0.0160143259
      0.0265255825
      0.0408989252
      0.0581876424
      0.0750885932
      0.0867357495
      0.0788604044
      0.0750885932
      0.0644394513
      0.0498705602
      0.0352381144
      0.0229757643
      0.0140009407
      0.0082297209
      0.0048131339
      0.0030489098
      0.0025834120
      0.0030489098
      0.0048131339
      0.0082297209
      0.0140009407
      0.0229757643
      0.0352381144
      0.0498705602
      0.0644394513
      0.0750885932
      0.0612562674
      0.0581876424
      0.0498705602
      0.0388999198
      0.0277265576
      0.0182139933
      0.0113362182
      0.0067554363
      0.0040223819
      0.0026129333
      0.0021721470
      0.0026129333
      0.0040223819
      0.0067554363
      0.0113362182
      0.0182139933
      0.0277265576
      0.0388999198
      0.0498705602
      0.0581876424
      0.0429195046
      0.0408989252
      0.0352381144
      0.0277265576
      0.0200071840
      0.0133910939
      0.0085580039
      0.0050691732
      0.0030618692
      0.0021047633
      0.0017311789
      0.0021047633
      0.0030618692
      0.0050691732
      0.0085580039
      0.0133910939
      0.0200071840
      0.0277265576
      0.0352381144
      0.0408989252
      0.0276962444
      0.0265255825
      0.0229757643
      0.0182139933
      0.0133910939
      0.0091310782
      0.0059491239
      0.0036708401
      0.0023305391
      0.0015846703
      0.0012630419
      0.0015846703
      0.0023305391
      0.0036708401
      0.0059491239
      0.0091310782
      0.0133910939
      0.0182139933
      0.0229757643
      0.0265255825
      0.0167036295
      0.0160143259
      0.0140009407
      0.0113362182
      0.0085580039
      0.0059491239
      0.0038960149
      0.0025087434
      0.0016020601
      0.0011119318
      0.0010230177
      0.0011119318
      0.0016020601
      0.0025087434
      0.0038960149
      0.0059491239
      0.0085580039
      0.0113362182
      0.0140009407
      0.0160143259
      0.0096969828
      0.0092694214
      0.0082297209
      0.0067554363
      0.0050691732
      0.0036708401
      0.0025087434
      0.0016791708
      0.0010886177
      0.0007599703
      0.0007801845
      0.0007599703
      0.0010886177
      0.0016791708
      0.0025087434
      0.0036708401
      0.0050691732
      0.0067554363
      0.0082297209
      0.0092694214
      0.0056130944
      0.0053563817
      0.0048131339
      0.0040223819
      0.0030618692
      0.0023305391
      0.0016020601
      0.0010886177
      0.0008327371
      0.0005614075
      0.0004859611
      0.0005614075
      0.0008327371
      0.0010886177
      0.0016020601
      0.0023305391
      0.0030618692
      0.0040223819
      0.0048131339
      0.0053563817
      0.0034850886
      0.0033904886
      0.0030489098
      0.0026129333
      0.0021047633
      0.0015846703
      0.0011119318
      0.0007599703
      0.0005614075
      0.0003966848
      0.0003503810
      0.0003966848
      0.0005614075
      0.0007599703
      0.0011119318
      0.0015846703
      0.0021047633
      0.0026129333
      0.0030489098
      0.0033904886
      0.0028910442
      0.0028853379
      0.0025834120
      0.0021721470
      0.0017311789
      0.0012630419
      0.0010230177
      0.0007801845
      0.0004859611
      0.0003503810
      0.0003640013
      0.0003503810
      0.0004859611
      0.0007801845
      0.0010230177
      0.0012630419
      0.0017311789
      0.0021721470
      0.0025834120
      0.0028853379
      0.0034850886
      0.0033904886
      0.0030489098
      0.0026129333
      0.0021047633
      0.0015846703
      0.0011119318
      0.0007599703
      0.0005614075
      0.0003966848
      0.0003503810
      0.0003966848
      0.0005614075
      0.0007599703
      0.0011119318
      0.0015846703
      0.0021047633
      0.0026129333
      0.0030489098
      0.0033904886
      0.0056130944
      0.0053563817
      0.0048131339
      0.0040223819
      0.0030618692
      0.0023305391
      0.0016020601
      0.0010886177
      0.0008327371
      0.0005614075
      0.0004859611
      0.0005614075
      0.0008327371
      0.0010886177
      0.0016020601
      0.0023305391
      0.0030618692
      0.0040223819
      0.0048131339
      0.0053563817
      0.0096969828
      0.0092694214
      0.0082297209
      0.0067554363
      0.0050691732
      0.0036708401
      0.0025087434
      0.0016791708
      0.0010886177
      0.0007599703
      0.0007801845
      0.0007599703
      0.0010886177
      0.0016791708
      0.0025087434
      0.0036708401
      0.0050691732
      0.0067554363
      0.0082297209
      0.0092694214
      0.0167036295
      0.0160143259
      0.0140009407
      0.0113362182
      0.0085580039
      0.0059491239
      0.0038960149
      0.0025087434
      0.0016020601
      0.0011119318
      0.0010230177
      0.0011119318
      0.0016020601
      0.0025087434
      0.0038960149
      0.0059491239
      0.0085580039
      0.0113362182
      0.0140009407
      0.0160143259
      0.0276962444
      0.0265255825
      0.0229757643
      0.0182139933
      0.0133910939
      0.0091310782
      0.0059491239
      0.0036708401
      0.0023305391
      0.0015846703
      0.0012630419
      0.0015846703
      0.0023305391
      0.0036708401
      0.0059491239
      0.0091310782
      0.0133910939
      0.0182139933
      0.0229757643
      0.0265255825
      0.0429195046
      0.0408989252
      0.0352381144
      0.0277265576
      0.0200071840
      0.0133910939
      0.0085580039
      0.0050691732
      0.0030618692
      0.0021047633
      0.0017311789
      0.0021047633
      0.0030618692
      0.0050691732
      0.0085580039
      0.0133910939
      0.0200071840
      0.0277265576
      0.0352381144
      0.0408989252
      0.0612562674
      0.0581876424
      0.0498705602
      0.0388999198
      0.0277265576
      0.0182139933
      0.0113362182
      0.0067554363
      0.0040223819
      0.0026129333
      0.0021721470
      0.0026129333
      0.0040223819
      0.0067554363
      0.0113362182
      0.0182139933
      0.0277265576
      0.0388999198
      0.0498705602
      0.0581876424
      0.0788604044
      0.0750885932
      0.0644394513
      0.0498705602
      0.0352381144
      0.0229757643
      0.0140009407
      0.0082297209
      0.0048131339
      0.0030489098
      0.0025834120
      0.0030489098
      0.0048131339
      0.0082297209
      0.0140009407
      0.0229757643
      0.0352381144
      0.0498705602
      0.0644394513
      0.0750885932
      0.0906159789
      0.0867357495
      0.0750885932
      0.0581876424
      0.0408989252
      0.0265255825
      0.0160143259
      0.0092694214
      0.0053563817
      0.0033904886
      0.0028853379
      0.0033904886
      0.0053563817
      0.0092694214
      0.0160143259
      0.0265255825
      0.0408989252
      0.0581876424
      0.0750885932
      0.0867357495
      0.0888967163
      0.0888453324
      0.0844727391
      0.0698811611
      0.0492660121
      0.0316142915
      0.0188125834
      0.0104571125
      0.0060643632
      0.0037425634
      0.0029528099
      0.0037425634
      0.0060643632
      0.0104571125
      0.0188125834
      0.0316142915
      0.0492660121
      0.0698811611
      0.0844727391
      0.0888453324
      0.0888453324
      0.0879992858
      0.0819603433
      0.0665997478
      0.0467703905
      0.0301571940
      0.0179719670
      0.0100684844
      0.0058564408
      0.0036289033
      0.0029436151
      0.0036289033
      0.0058564408
      0.0100684844
      0.0179719670
      0.0301571940
      0.0467703905
      0.0665997478
      0.0819603433
      0.0879992858
      0.0844727391
      0.0819603433
      0.0729990600
      0.0573622040
      0.0401921778
      0.0261348749
      0.0155910140
      0.0089317183
      0.0052181376
      0.0031929421
      0.0026906471
      0.0031929421
      0.0052181376
      0.0089317183
      0.0155910140
      0.0261348749
      0.0401921778
      0.0573622040
      0.0729990600
      0.0819603433
      0.0698811611
      0.0665997478
      0.0573622040
      0.0445231891
      0.0315831614
      0.0206562163
      0.0124037118
      0.0073162833
      0.0043096692
      0.0026906186
      0.0023734562
      0.0026906186
      0.0043096692
      0.0073162833
      0.0124037118
      0.0206562163
      0.0315831614
      0.0445231891
      0.0573622040
      0.0665997478
      0.0492660121
      0.0467703905
      0.0401921778
      0.0315831614
      0.0226344572
      0.0148358833
      0.0092038678
      0.0055886550
      0.0033000352
      0.0021345426
      0.0018981778
      0.0021345426
      0.0033000352
      0.0055886550
      0.0092038678
      0.0148358833
      0.0226344572
      0.0315831614
      0.0401921778
      0.0467703905
      0.0316142915
      0.0301571940
      0.0261348749
      0.0206562163
      0.0148358833
      0.0099496680
      0.0064961639
      0.0039905318
      0.0023930620
      0.0015958197
      0.0013645997
      0.0015958197
      0.0023930620
      0.0039905318
      0.0064961639
      0.0099496680
      0.0148358833
      0.0206562163
      0.0261348749
      0.0301571940
      0.0188125834
      0.0179719670
      0.0155910140
      0.0124037118
      0.0092038678
      0.0064961639
      0.0042618646
      0.0025788524
      0.0016621684
      0.0012097356
      0.0010704484
      0.0012097356
      0.0016621684
      0.0025788524
      0.0042618646
      0.0064961639
      0.0092038678
      0.0124037118
      0.0155910140
      0.0179719670
      0.0104571125
      0.0100684844
      0.0089317183
      0.0073162833
      0.0055886550
      0.0039905318
      0.0025788524
      0.0017004309
      0.0012035616
      0.0008107359
      0.0007102456
      0.0008107359
      0.0012035616
      0.0017004309
      0.0025788524
      0.0039905318
      0.0055886550
      0.0073162833
      0.0089317183
      0.0100684844
      0.0060643632
      0.0058564408
      0.0052181376
      0.0043096692
      0.0033000352
      0.0023930620
      0.0016621684
      0.0012035616
      0.0008526693
      0.0005477760
      0.0004906351
      0.0005477760
      0.0008526693
      0.0012035616
      0.0016621684
      0.0023930620
      0.0033000352
      0.0043096692
      0.0052181376
      0.0058564408
      0.0037425634
      0.0036289033
      0.0031929421
      0.0026906186
      0.0021345426
      0.0015958197
      0.0012097356
      0.0008107359
      0.0005477760
      0.0004254250
      0.0003904490
      0.0004254250
      0.0005477760
      0.0008107359
      0.0012097356
      0.0015958197
      0.0021345426
      0.0026906186
      0.0031929421
      0.0036289033
      0.0029528099
      0.0029436151
      0.0026906471
      0.0023734562
      0.0018981778
      0.0013645997
      0.0010704484
      0.0007102456
      0.0004906351
      0.0003904490
      0.0003121044
      0.0003904490
      0.0004906351
      0.0007102456
      0.0010704484
      0.0013645997
      0.0018981778
      0.0023734562
      0.0026906471
      0.0029436151
      0.0037425634
      0.0036289033
      0.0031929421
      0.0026906186
      0.0021345426
      0.0015958197
      0.0012097356
      0.0008107359
      0.0005477760
      0.0004254250
      0.0003904490
      0.0004254250
      0.0005477760
      0.0008107359
      0.0012097356
      0.0015958197
      0.0021345426
      0.0026906186
      0.0031929421
      0.0036289033
      0.0060643632
      0.0058564408
      0.0052181376
      0.0043096692
      0.0033000352
      0.0023930620
      0.0016621684
      0.0012035616
      0.0008526693
      0.0005477760
      0.0004906351
      0.0005477760
      0.0008526693
      0.0012035616
      0.0016621684
      0.0023930620
      0.0033000352
      0.0043096692
      0.0052181376
      0.0058564408
      0.0104571125
      0.0100684844
      0.0089317183
      0.0073162833
      0.0055886550
      0.0039905318
      0.0025788524
      0.0017004309
      0.0012035616
      0.0008107359
      0.0007102456
      0.0008107359
      0.0012035616
      0.0017004309
      0.0025788524
      0.0039905318
      0.0055886550
      0.0073162833
      0.0089317183
      0.0100684844
      0.0188125834
      0.0179719670
      0.0155910140
      0.0124037118
      0.0092038678
      0.0064961639
      0.0042618646
      0.0025788524
      0.0016621684
      0.0012097356
      0.0010704484
      0.0012097356
      0.0016621684
      0.0025788524
      0.0042618646
      0.0064961639
      0.0092038678
      0.0124037118
      0.0155910140
      0.0179719670
      0.0316142915
      0.0301571940
      0.0261348749
      0.0206562163
      0.0148358833
      0.0099496680
      0.0064961639
      0.0039905318
      0.0023930620
      0.0015958197
      0.0013645997
      0.0015958197
      0.0023930620
      0.0039905318
      0.0064961639
      0.0099496680
      0.0148358833
      0.0206562163
      0.0261348749
      0.0301571940
      0.0492660121
      0.0467703905
      0.0401921778
      0.0315831614
      0.0226344572
      0.0148358833
      0.0092038678
      0.0055886550
      0.0033000352
      0.0021345426
      0.0018981778
      0.0021345426
      0.0033000352
      0.0055886550
      0.0092038678
      0.0148358833
      0.0226344572
      0.0315831614
      0.0401921778
      0.0467703905
      0.0698811611
      0.0665997478
      0.0573622040
      0.0445231891
      0.0315831614
      0.0206562163
      0.0124037118
      0.0073162833
      0.0043096692
      0.0026906186
      0.0023734562
      0.0026906186
      0.0043096692
      0.0073162833
      0.0124037118
      0.0206562163
      0.0315831614
      0.0445231891
      0.0573622040
      0.0665997478
      0.0844727391
      0.0819603433
      0.0729990600
      0.0573622040
      0.0401921778
      0.0261348749
      0.0155910140
      0.0089317183
      0.0052181376
      0.0031929421
      0.0026906471
      0.0031929421
      0.0052181376
      0.0089317183
      0.0155910140
      0.0261348749
      0.0401921778
      0.0573622040
      0.0729990600
      0.0819603433
      0.0888453324
      0.0879992858
      0.0819603433
      0.0665997478
      0.0467703905
      0.0301571940
      0.0179719670
      0.0100684844
      0.0058564408
      0.0036289033
      0.0029436151
      0.0036289033
      0.0058564408
      0.0100684844
      0.0179719670
      0.0301571940
      0.0467703905
      0.0665997478
      0.0819603433
      0.0879992858
      0.0624690987
      0.0680244015
      0.0783983611
      0.0767434921
      0.0579712468
      0.0367390026
      0.0215630774
      0.0118591252
      0.0066411646
      0.0040285488
      0.0031723417
      0.0040285488
      0.0066411646
      0.0118591252
      0.0215630774
      0.0367390026
      0.0579712468
      0.0767434921
      0.0783983611
      0.0680244015
      0.0680244015
      0.0725696521
      0.0796883716
      0.0745804345
      0.0551399057
      0.0349385248
      0.0205350497
      0.0113904291
      0.0064389316
      0.0039022491
      0.0031336608
      0.0039022491
      0.0064389316
      0.0113904291
      0.0205350497
      0.0349385248
      0.0551399057
      0.0745804345
      0.0796883716
      0.0725696521
      0.0783983611
      0.0796883716
      0.0785030876
      0.0666876732
      0.0473695964
      0.0301688906
      0.0177430069
      0.0099984916
      0.0057054282
      0.0033986166
      0.0028434879
      0.0033986166
      0.0057054282
      0.0099984916
      0.0177430069
      0.0301688906
      0.0473695964
      0.0666876732
      0.0785030876
      0.0796883716
      0.0767434921
      0.0745804345
      0.0666876732
      0.0525146637
      0.0367448017
      0.0237375232
      0.0140182290
      0.0081300987
      0.0047202273
      0.0028267258
      0.0024935373
      0.0028267258
      0.0047202273
      0.0081300987
      0.0140182290
      0.0237375232
      0.0367448017
      0.0525146637
      0.0666876732
      0.0745804345
      0.0579712468
      0.0551399057
      0.0473695964
      0.0367448017
      0.0259856274
      0.0169034375
      0.0102117389
      0.0061821101
      0.0036683744
      0.0022500907
      0.0019987705
      0.0022500907
      0.0036683744
      0.0061821101
      0.0102117389
      0.0169034375
      0.0259856274
      0.0367448017
      0.0473695964
      0.0551399057
      0.0367390026
      0.0349385248
      0.0301688906
      0.0237375232
      0.0169034375
      0.0111780427
      0.0071211883
      0.0043514066
      0.0026155138
      0.0016961458
      0.0014462233
      0.0016961458
      0.0026155138
      0.0043514066
      0.0071211883
      0.0111780427
      0.0169034375
      0.0237375232
      0.0301688906
      0.0349385248
      0.0215630774
      0.0205350497
      0.0177430069
      0.0140182290
      0.0102117389
      0.0071211883
      0.0047012230
      0.0028354766
      0.0018265623
      0.0012660703
      0.0010238884
      0.0012660703
      0.0018265623
      0.0028354766
      0.0047012230
      0.0071211883
      0.0102117389
      0.0140182290
      0.0177430069
      0.0205350497
      0.0118591252
      0.0113904291
      0.0099984916
      0.0081300987
      0.0061821101
      0.0043514066
      0.0028354766
      0.0018598898
      0.0012624304
      0.0007958930
      0.0006392917
      0.0007958930
      0.0012624304
      0.0018598898
      0.0028354766
      0.0043514066
      0.0061821101
      0.0081300987
      0.0099984916
      0.0113904291
      0.0066411646
      0.0064389316
      0.0057054282
      0.0047202273
      0.0036683744
      0.0026155138
      0.0018265623
      0.0012624304
      0.0007511014
      0.0005397543
      0.0006096176
      0.0005397543
      0.0007511014
      0.0012624304
      0.0018265623
      0.0026155138
      0.0036683744
      0.0047202273
      0.0057054282
      0.0064389316
      0.0040285488
      0.0039022491
      0.0033986166
      0.0028267258
      0.0022500907
      0.0016961458
      0.0012660703
      0.0007958930
      0.0005397543
      0.0004882117
      0.0004808382
      0.0004882117
      0.0005397543
      0.0007958930
      0.0012660703
      0.0016961458
      0.0022500907
      0.0028267258
      0.0033986166
      0.0039022491
      0.0031723417
      0.0031336608
      0.0028434879
      0.0024935373
      0.0019987705
      0.0014462233
      0.0010238884
      0.0006392917
      0.0006096176
      0.0004808382
      0.0002632324
      0.0004808382
      0.0006096176
      0.0006392917
      0.0010238884
      0.0014462233
      0.0019987705
      0.0024935373
      0.0028434879
      0.0031336608
      0.0040285488
      0.0039022491
      0.0033986166
      0.0028267258
      0.0022500907
      0.0016961458
      0.0012660703
      0.0007958930
      0.0005397543
      0.0004882117
      0.0004808382
      0.0004882117
      0.0005397543
      0.0007958930
      0.0012660703
      0.0016961458
      0.0022500907
      0.0028267258
      0.0033986166
      0.0039022491
      0.0066411646
      0.0064389316
      0.0057054282
      0.0047202273
      0.0036683744
      0.0026155138
      0.0018265623
      0.0012624304
      0.0007511014
      0.0005397543
      0.0006096176
      0.0005397543
      0.0007511014
      0.0012624304
      0.0018265623
      0.0026155138
      0.0036683744
      0.0047202273
      0.0057054282
      0.0064389316
      0.0118591252
      0.0113904291
      0.0099984916
      0.0081300987
      0.0061821101
      0.0043514066
      0.0028354766
      0.0018598898
      0.0012624304
      0.0007958930
      0.0006392917
      0.0007958930
      0.0012624304
      0.0018598898
      0.0028354766
      0.0043514066
      0.0061821101
      0.0081300987
      0.0099984916
      0.0113904291
      0.0215630774
      0.0205350497
      0.0177430069
      0.0140182290
      0.0102117389
      0.0071211883
      0.0047012230
      0.0028354766
      0.0018265623
      0.0012660703
      0.0010238884
      0.0012660703
      0.0018265623
      0.0028354766
      0.0047012230
      0.0071211883
      0.0102117389
      0.0140182290
      0.0177430069
      0.0205350497
      0.0367390026
      0.0349385248
      0.0301688906
      0.0237375232
      0.0169034375
      0.0111780427
      0.0071211883
      0.0043514066
      0.0026155138
      0.0016961458
      0.0014462233
      0.0016961458
      0.0026155138
      0.0043514066
      0.0071211883
      0.0111780427
      0.0169034375
      0.0237375232
      0.0301688906
      0.0349385248
      0.0579712468
      0.0551399057
      0.0473695964
      0.0367448017
      0.0259856274
      0.0169034375
      0.0102117389
      0.0061821101
      0.0036683744
      0.0022500907
      0.0019987705
      0.0022500907
      0.0036683744
      0.0061821101
      0.0102117389
      0.0169034375
      0.0259856274
      0.0367448017
      0.0473695964
      0.0551399057
      0.0767434921
      0.0745804345
      0.0666876732
      0.0525146637
      0.0367448017
      0.0237375232
      0.0140182290
      0.0081300987
      0.0047202273
      0.0028267258
      0.0024935373
      0.0028267258
      0.0047202273
      0.0081300987
      0.0140182290
      0.0237375232
      0.0367448017
      0.0525146637
      0.0666876732
      0.0745804345
      0.0783983611
      0.0796883716
      0.0785030876
      0.0666876732
      0.0473695964
      0.0301688906
      0.0177430069
      0.0099984916
      0.0057054282
      0.0033986166
      0.0028434879
      0.0033986166
      0.0057054282
      0.0099984916
      0.0177430069
      0.0301688906
      0.0473695964
      0.0666876732
      0.0785030876
      0.0796883716
      0.0680244015
      0.0725696521
      0.0796883716
      0.0745804345
      0.0551399057
      0.0349385248
      0.0205350497
      0.0113904291
      0.0064389316
      0.0039022491
      0.0031336608
      0.0039022491
      0.0064389316
      0.0113904291
      0.0205350497
      0.0349385248
      0.0551399057
      0.0745804345
      0.0796883716
      0.0725696521
      0.0330192867
      0.0399801654
      0.0608629248
      0.0763387636
      0.0653112776
      0.0419545519
      0.0243818155
      0.0133182967
      0.0071007626
      0.0043034885
      0.0034576841
      0.0043034885
      0.0071007626
      0.0133182967
      0.0243818155
      0.0419545519
      0.0653112776
      0.0763387636
      0.0608629248
      0.0399801654
      0.0399801654
      0.0473651118
      0.0661863423
      0.0763873083
      0.0625627593
      0.0398648512
      0.0232212511
      0.0127342042
      0.0068798495
      0.0041808820
      0.0033841449
      0.0041808820
      0.0068798495
      0.0127342042
      0.0232212511
      0.0398648512
      0.0625627593
      0.0763873083
      0.0661863423
      0.0473651118
      0.0608629248
      0.0661863423
      0.0754231155
      0.0725723449
      0.0542178305
      0.0342562617
      0.0200761852
      0.0110764048
      0.0061115214
      0.0037043656
      0.0030712087
      0.0037043656
      0.0061115214
      0.0110764048
      0.0200761852
      0.0342562617
      0.0542178305
      0.0725723449
      0.0754231155
      0.0661863423
      0.0763387636
      0.0763873083
      0.0725723449
      0.0596576288
      0.0418898277
      0.0268570712
      0.0158699715
      0.0089117605
      0.0050609382
      0.0030656495
      0.0026339084
      0.0030656495
      0.0050609382
      0.0089117605
      0.0158699715
      0.0268570712
      0.0418898277
      0.0596576288
      0.0725723449
      0.0763873083
      0.0653112776
      0.0625627593
      0.0542178305
      0.0418898277
      0.0294640289
      0.0192173230
      0.0114211475
      0.0066432960
      0.0039032610
      0.0023897032
      0.0020820049
      0.0023897032
      0.0039032610
      0.0066432960
      0.0114211475
      0.0192173230
      0.0294640289
      0.0418898277
      0.0542178305
      0.0625627593
      0.0419545519
      0.0398648512
      0.0342562617
      0.0268570712
      0.0192173230
      0.0125892815
      0.0077294940
      0.0046087190
      0.0027633834
      0.0018011202
      0.0015546099
      0.0018011202
      0.0027633834
      0.0046087190
      0.0077294940
      0.0125892815
      0.0192173230
      0.0268570712
      0.0342562617
      0.0398648512
      0.0243818155
      0.0232212511
      0.0200761852
      0.0158699715
      0.0114211475
      0.0077294940
      0.0050466616
      0.0030491177
      0.0019260361
      0.0013243406
      0.0010664735
      0.0013243406
      0.0019260361
      0.0030491177
      0.0050466616
      0.0077294940
      0.0114211475
      0.0158699715
      0.0200761852
      0.0232212511
      0.0133182967
      0.0127342042
      0.0110764048
      0.0089117605
      0.0066432960
      0.0046087190
      0.0030491177
      0.0019731467
      0.0013184662
      0.0008831032
      0.0007290012
      0.0008831032
      0.0013184662
      0.0019731467
      0.0030491177
      0.0046087190
      0.0066432960
      0.0089117605
      0.0110764048
      0.0127342042
      0.0071007626
      0.0068798495
      0.0061115214
      0.0050609382
      0.0039032610
      0.0027633834
      0.0019260361
      0.0013184662
      0.0007747208
      0.0005958145
      0.0007050622
      0.0005958145
      0.0007747208
      0.0013184662
      0.0019260361
      0.0027633834
      0.0039032610
      0.0050609382
      0.0061115214
      0.0068798495
      0.0043034885
      0.0041808820
      0.0037043656
      0.0030656495
      0.0023897032
      0.0018011202
      0.0013243406
      0.0008831032
      0.0005958145
      0.0004444584
      0.0004184904
      0.0004444584
      0.0005958145
      0.0008831032
      0.0013243406
      0.0018011202
      0.0023897032
      0.0030656495
      0.0037043656
      0.0041808820
      0.0034576841
      0.0033841449
      0.0030712087
      0.0026339084
      0.0020820049
      0.0015546099
      0.0010664735
      0.0007290012
      0.0007050622
      0.0004184904
      0.0001331268
      0.0004184904
      0.0007050622
      0.0007290012
      0.0010664735
      0.0015546099
      0.0020820049
      0.0026339084
      0.0030712087
      0.0033841449
      0.0043034885
      0.0041808820
      0.0037043656
      0.0030656495
      0.0023897032
      0.0018011202
      0.0013243406
      0.0008831032
      0.0005958145
      0.0004444584
      0.0004184904
      0.0004444584
      0.0005958145
      0.0008831032
      0.0013243406
      0.0018011202
      0.0023897032
      0.0030656495
      0.0037043656
      0.0041808820
      0.0071007626
      0.0068798495
      0.0061115214
      0.0050609382
      0.0039032610
      0.0027633834
      0.0019260361
      0.0013184662
      0.0007747208
      0.0005958145
      0.0007050622
      0.0005958145
      0.0007747208
      0.0013184662
      0.0019260361
      0.0027633834
      0.0039032610
      0.0050609382
      0.0061115214
      0.0068798495
      0.0133182967
      0.0127342042
      0.0110764048
      0.0089117605
      0.0066432960
      0.0046087190
      0.0030491177
      0.0019731467
      0.0013184662
      0.0008831032
      0.0007290012
      0.0008831032
      0.0013184662
      0.0019731467
      0.0030491177
      0.0046087190
      0.0066432960
      0.0089117605
      0.0110764048
      0.0127342042
      0.0243818155
      0.0232212511
      0.0200761852
      0.0158699715
      0.0114211475
      0.0077294940
      0.0050466616
      0.0030491177
      0.0019260361
      0.0013243406
      0.0010664735
      0.0013243406
      0.0019260361
      0.0030491177
      0.0050466616
      0.0077294940
      0.0114211475
      0.0158699715
      0.0200761852
      0.0232212511
      0.0419545519
      0.0398648512
      0.0342562617
      0.0268570712
      0.0192173230
      0.0125892815
      0.0077294940
      0.0046087190
      0.0027633834
      0.0018011202
      0.0015546099
      0.0018011202
      0.0027633834
      0.0046087190
      0.0077294940
      0.0125892815
      0.0192173230
      0.0268570712
      0.0342562617
      0.0398648512
      0.0653112776
      0.0625627593
      0.0542178305
      0.0418898277
      0.0294640289
      0.0192173230
      0.0114211475
      0.0066432960
      0.0039032610
      0.0023897032
      0.0020820049
      0.0023897032
      0.0039032610
      0.0066432960
      0.0114211475
      0.0192173230
      0.0294640289
      0.0418898277
      0.0542178305
      0.0625627593
      0.0763387636
      0.0763873083
      0.0725723449
      0.0596576288
      0.0418898277
      0.0268570712
      0.0158699715
      0.0089117605
      0.0050609382
      0.0030656495
      0.0026339084
      0.0030656495
      0.0050609382
      0.0089117605
      0.0158699715
      0.0268570712
      0.0418898277
      0.0596576288
      0.0725723449
      0.0763873083
      0.0608629248
      0.0661863423
      0.0754231155
      0.0725723449
      0.0542178305
      0.0342562617
      0.0200761852
      0.0110764048
      0.0061115214
      0.0037043656
      0.0030712087
      0.0037043656
      0.0061115214
      0.0110764048
      0.0200761852
      0.0342562617
      0.0542178305
      0.0725723449
      0.0754231155
      0.0661863423
      0.0399801654
      0.0473651118
      0.0661863423
      0.0763873083
      0.0625627593
      0.0398648512
      0.0232212511
      0.0127342042
      0.0068798495
      0.0041808820
      0.0033841449
      0.0041808820
      0.0068798495
      0.0127342042
      0.0232212511
      0.0398648512
      0.0625627593
      0.0763873083
      0.0661863423
      0.0473651118
      0.0219012907
      0.0244783095
      0.0446868331
      0.0714793608
      0.0693348017
      0.0458723568
      0.0264079748
      0.0142931824
      0.0075574797
      0.0045961784
      0.0035633066
      0.0045961784
      0.0075574797
      0.0142931824
      0.0264079748
      0.0458723568
      0.0693348017
      0.0714793608
      0.0446868331
      0.0244783095
      0.0244783095
      0.0300267806
      0.0518808818
      0.0735723314
      0.0669757483
      0.0436147361
      0.0252005313
      0.0136493953
      0.0072880295
      0.0044282592
      0.0034143139
      0.0044282592
      0.0072880295
      0.0136493953
      0.0252005313
      0.0436147361
      0.0669757483
      0.0735723314
      0.0518808818
      0.0300267806
      0.0446868331
      0.0518808818
      0.0682504459
      0.0743079144
      0.0589087590
      0.0373297494
      0.0217909364
      0.0118323756
      0.0064715940
      0.0039598466
      0.0030912323
      0.0039598466
      0.0064715940
      0.0118323756
      0.0217909364
      0.0373297494
      0.0589087590
      0.0743079144
      0.0682504459
      0.0518808818
      0.0714793608
      0.0735723314
      0.0743079144
      0.0643451424
      0.0458439707
      0.0290814552
      0.0171757282
      0.0094599952
      0.0053377155
      0.0032795138
      0.0026668575
      0.0032795138
      0.0053377155
      0.0094599952
      0.0171757282
      0.0290814552
      0.0458439707
      0.0643451424
      0.0743079144
      0.0735723314
      0.0693348017
      0.0669757483
      0.0589087590
      0.0458439707
      0.0321066670
      0.0207693400
      0.0122962902
      0.0070372070
      0.0040836731
      0.0024959959
      0.0021189433
      0.0024959959
      0.0040836731
      0.0070372070
      0.0122962902
      0.0207693400
      0.0321066670
      0.0458439707
      0.0589087590
      0.0669757483
      0.0458723568
      0.0436147361
      0.0373297494
      0.0290814552
      0.0207693400
      0.0134730025
      0.0082135933
      0.0049358788
      0.0028988666
      0.0018650697
      0.0016448290
      0.0018650697
      0.0028988666
      0.0049358788
      0.0082135933
      0.0134730025
      0.0207693400
      0.0290814552
      0.0373297494
      0.0436147361
      0.0264079748
      0.0252005313
      0.0217909364
      0.0171757282
      0.0122962902
      0.0082135933
      0.0053584329
      0.0032288208
      0.0019521171
      0.0013454945
      0.0011248082
      0.0013454945
      0.0019521171
      0.0032288208
      0.0053584329
      0.0082135933
      0.0122962902
      0.0171757282
      0.0217909364
      0.0252005313
      0.0142931824
      0.0136493953
      0.0118323756
      0.0094599952
      0.0070372070
      0.0049358788
      0.0032288208
      0.0019789091
      0.0013538937
      0.0009529868
      0.0007565536
      0.0009529868
      0.0013538937
      0.0019789091
      0.0032288208
      0.0049358788
      0.0070372070
      0.0094599952
      0.0118323756
      0.0136493953
      0.0075574797
      0.0072880295
      0.0064715940
      0.0053377155
      0.0040836731
      0.0028988666
      0.0019521171
      0.0013538937
      0.0009043854
      0.0006184949
      0.0006129815
      0.0006184949
      0.0009043854
      0.0013538937
      0.0019521171
      0.0028988666
      0.0040836731
      0.0053377155
      0.0064715940
      0.0072880295
      0.0045961784
      0.0044282592
      0.0039598466
      0.0032795138
      0.0024959959
      0.0018650697
      0.0013454945
      0.0009529868
      0.0006184949
      0.0004030411
      0.0004218989
      0.0004030411
      0.0006184949
      0.0009529868
      0.0013454945
      0.0018650697
      0.0024959959
      0.0032795138
      0.0039598466
      0.0044282592
      0.0035633066
      0.0034143139
      0.0030912323
      0.0026668575
      0.0021189433
      0.0016448290
      0.0011248082
      0.0007565536
      0.0006129815
      0.0004218989
      0.0003496685
      0.0004218989
      0.0006129815
      0.0007565536
      0.0011248082
      0.0016448290
      0.0021189433
      0.0026668575
      0.0030912323
      0.0034143139
      0.0045961784
      0.0044282592
      0.0039598466
      0.0032795138
      0.0024959959
      0.0018650697
      0.0013454945
      0.0009529868
      0.0006184949
      0.0004030411
      0.0004218989
      0.0004030411
      0.0006184949
      0.0009529868
      0.0013454945
      0.0018650697
      0.0024959959
      0.0032795138
      0.0039598466
      0.0044282592
      0.0075574797
      0.0072880295
      0.0064715940
      0.0053377155
      0.0040836731
      0.0028988666
      0.0019521171
      0.0013538937
      0.0009043854
      0.0006184949
      0.0006129815
      0.0006184949
      0.0009043854
      0.0013538937
      0.0019521171
      0.0028988666
      0.0040836731
      0.0053377155
      0.0064715940
      0.0072880295
      0.0142931824
      0.0136493953
      0.0118323756
      0.0094599952
      0.0070372070
      0.0049358788
      0.0032288208
      0.0019789091
      0.0013538937
      0.0009529868
      0.0007565536
      0.0009529868
      0.0013538937
      0.0019789091
      0.0032288208
      0.0049358788
      0.0070372070
      0.0094599952
      0.0118323756
      0.0136493953
      0.0264079748
      0.0252005313
      0.0217909364
      0.0171757282
      0.0122962902
      0.0082135933
      0.0053584329
      0.0032288208
      0.0019521171
      0.0013454945
      0.0011248082
      0.0013454945
      0.0019521171
      0.0032288208
      0.0053584329
      0.0082135933
      0.0122962902
      0.0171757282
      0.0217909364
      0.0252005313
      0.0458723568
      0.0436147361
      0.0373297494
      0.0290814552
      0.0207693400
      0.0134730025
      0.0082135933
      0.0049358788
      0.0028988666
      0.0018650697
      0.0016448290
      0.0018650697
      0.0028988666
      0.0049358788
      0.0082135933
      0.0134730025
      0.0207693400
      0.0290814552
      0.0373297494
      0.0436147361
      0.0693348017
      0.0669757483
      0.0589087590
      0.0458439707
      0.0321066670
      0.0207693400
      0.0122962902
      0.0070372070
      0.0040836731
      0.0024959959
      0.0021189433
      0.0024959959
      0.0040836731
      0.0070372070
      0.0122962902
      0.0207693400
      0.0321066670
      0.0458439707
      0.0589087590
      0.0669757483
      0.0714793608
      0.0735723314
      0.0743079144
      0.0643451424
      0.0458439707
      0.0290814552
      0.0171757282
      0.0094599952
      0.0053377155
      0.0032795138
      0.0026668575
      0.0032795138
      0.0053377155
      0.0094599952
      0.0171757282
      0.0290814552
      0.0458439707
      0.0643451424
      0.0743079144
      0.0735723314
      0.0446868331
      0.0518808818
      0.0682504459
      0.0743079144
      0.0589087590
      0.0373297494
      0.0217909364
      0.0118323756
      0.0064715940
      0.0039598466
      0.0030912323
      0.0039598466
      0.0064715940
      0.0118323756
      0.0217909364
      0.0373297494
      0.0589087590
      0.0743079144
      0.0682504459
      0.0518808818
      0.0244783095
      0.0300267806
      0.0518808818
      0.0735723314
      0.0669757483
      0.0436147361
      0.0252005313
      0.0136493953
      0.0072880295
      0.0044282592
      0.0034143139
      0.0044282592
      0.0072880295
      0.0136493953
      0.0252005313
      0.0436147361
      0.0669757483
      0.0735723314
      0.0518808818
      0.0300267806
