iscf
 1

idiag
 1

imix
 2

rho_mix_fac
 0.3

max_scf_iter
 50

ecut
 10.0

atoms
 3
 1 4 6
 N.fhi
 2  2
 angstrom
 -0.00080        1.21080        0.00000
 C.fhi
 2  2
 angstrom
  1.12990        0.33320        0.00010
 -1.13040        0.33170        0.00000
  0.71550       -0.93750       -0.00010
 -0.71420       -0.93830        0.00010
 H.fhi
 1  1
 angstrom
  -0.00130        1.82040        0.82910
  -0.00120        1.82030       -0.82940
   2.15330        0.67690        0.00010
  -2.15430        0.67400        0.00010
   1.33720       -1.81730       -0.00020
  -1.33470       -1.81890        0.00010

latvec
 15.0   0.0   0.0
  0.0  15.0   0.0
  0.0   0.0  15.0

k_points
 1                                 
 0.0 0.0 0.0 1.0


