iscf
 0

idiag
 0

imix
 4

rho_mix_fac
 0.3

max_scf_iter
 400

ecut
 10.0

atoms
 2
 48 96
 Si.fhi
 2 2
 angstrom
   5.46279    1.48248    0.28473
  12.56621   18.82552    7.20827
  12.56621   18.82552    4.03123
   5.46279    1.48248    3.46177
  12.56621    1.48248    3.46177
   5.46279   18.82552    4.03123
   5.46279   18.82552    7.20827
  12.56621    1.48248    0.28473
  14.47729   11.63648    0.28473
   3.55171    8.67152    7.20827
   3.55171    8.67152    4.03123
  14.47729   11.63648    3.46177
   3.55171   11.63648    3.46177
  14.47729    8.67152    4.03123
  14.47729    8.67152    7.20827
   3.55171   11.63648    0.28473
   5.55293    6.27517    0.29223
  12.47607   14.03283    7.20077
  12.47607   14.03283    4.03873
   5.55293    6.27517    3.45427
  12.47607    6.27517    3.45427
   5.55293   14.03283    4.03873
   5.55293   14.03283    7.20077
  12.47607    6.27517    0.29223
  14.56743   16.42917    0.29223
   3.46157    3.87883    7.20077
   3.46157    3.87883    4.03873
  14.56743   16.42917    3.45427
   3.46157   16.42917    3.45427
  14.56743    3.87883    4.03873
  14.56743    3.87883    7.20077
   3.46157   16.42917    0.29223
   1.60458    7.85920    1.87325
  16.42442   12.44880    5.61975
  16.42442    7.85920    1.87325
   1.60458   12.44880    5.61975
  10.61908   18.01320    1.87325
   7.40992    2.29480    5.61975
   7.40992   18.01320    1.87325
  10.61908    2.29480    5.61975
   1.51444    4.60992    1.87325
  16.51456   15.69808    5.61975
  16.51456    4.60992    1.87325
   1.51444   15.69808    5.61975
  10.52894   14.76392    1.87325
   7.50006    5.54408    5.61975
   7.50006   14.76392    1.87325
  10.52894    5.54408    5.61975
 O.fhi
 2 2
 angstrom
   2.14545    8.38720    3.31191
  15.88355   11.92080    4.18109
  15.88355   11.92080    7.05841
   2.14545    8.38720    0.43459
  15.88355    8.38720    0.43459
   2.14545   11.92080    7.05841
   2.14545   11.92080    4.18109
  15.88355    8.38720    3.31191
  11.15995   18.54120    3.31191
   6.86905    1.76680    4.18109
   6.86905    1.76680    7.05841
  11.15995   18.54120    0.43459
   6.86905   18.54120    0.43459
  11.15995    1.76680    7.05841
  11.15995    1.76680    4.18109
   6.86905   18.54120    3.31191
   2.16348    4.00068    3.21450
  15.86552   16.30732    4.27850
  15.86552   16.30732    6.96100
   2.16348    4.00068    0.53200
  15.86552    4.00068    0.53200
   2.16348   16.30732    6.96100
   2.16348   16.30732    4.27850
  15.86552    4.00068    3.21450
  11.17798   14.15468    3.21450
   6.85102    6.15332    4.27850
   6.85102    6.15332    6.96100
  11.17798   14.15468    0.53200
   6.85102   14.15468    0.53200
  11.17798    6.15332    6.96100
  11.17798    6.15332    4.27850
   6.85102   14.15468    3.21450
   4.21879    2.45727    7.44055
  13.81021   17.85073    0.05245
  13.81021   17.85073    3.69405
   4.21879    2.45727    3.79895
  13.81021    2.45727    3.79895
   4.21879   17.85073    3.69405
   4.21879   17.85073    0.05245
  13.81021    2.45727    7.44055
  13.23328   12.61127    7.44055
   4.79571    7.69673    0.05245
   4.79571    7.69673    3.69405
  13.23328   12.61127    3.79895
   4.79571   12.61127    3.79895
  13.23328    7.69673    3.69405
  13.23328    7.69673    0.05245
   4.79571   12.61127    7.44055
   1.53246    6.21425    1.87325
  16.49653   14.09375    5.61975
  16.49653    6.21425    1.87325
   1.53246   14.09375    5.61975
  10.54696   16.36825    1.87325
   7.48203    3.93975    5.61975
   7.48203   16.36825    1.87325
  10.54696    3.93975    5.61975
   2.84858    4.00068    5.61975
  15.18042   16.30732    1.87325
  15.18042    4.00068    5.61975
   2.84858   16.30732    1.87325
  11.86308   14.15468    5.61975
   6.16592    6.15332    1.87325
   6.16592   14.15468    5.61975
  11.86308    6.15332    1.87325
   3.01084    8.54967    5.61975
  15.01816   11.75833    1.87325
  15.01816    8.54967    5.61975
   3.01084   11.75833    1.87325
  12.02534   18.70367    5.61975
   6.00366    1.60433    1.87325
   6.00366   18.70367    5.61975
  12.02534    1.60433    1.87325
   4.14667   10.15400    3.74650
  13.88233   10.15400    3.74650
  13.88233   10.15400    0.00000
   4.14667   10.15400    0.00000
  13.16117    0.00000    3.74650
   4.86783    0.00000    3.74650
   4.86783    0.00000    0.00000
  13.16117    0.00000    0.00000
   4.50725    5.07700    3.74650
  13.52175   15.23100    3.74650
  13.52175   15.23100    0.00000
   4.50725    5.07700    0.00000
  13.52175    5.07700    0.00000
   4.50725   15.23100    0.00000
   4.50725   15.23100    3.74650
  13.52175    5.07700    3.74650
   0.00000    8.34659    1.87325
   0.00000   11.96141    5.61975
   9.01450   18.50059    1.87325
   9.01450    1.80741    5.61975
   0.00000    3.93975    1.87325
   0.00000   16.36825    5.61975
   9.01450   14.09375    1.87325
   9.01450    6.21425    5.61975

latvec
 34.081   0.000    0.000
  0.000  38.389    0.000
  0.000   0.000   14.164

k_points
 1 
 0.0 0.0 0.0 1.0

