iscf
 0

idiag
 1

imix
 2

rho_mix_fac
 0.3

max_scf_iter
 50

ecut
 8.0

atoms
 2
 8 16
 Si.fhi
 2 2
 bohr
   0.000000000       0.000000000       0.000000000     Si
   0.000000000       6.730600000       6.730600000     Si
   6.730600000       0.000000000       6.730600000     Si
   6.730600000       6.730600000       0.000000000     Si
   3.365300000       3.365300000       3.365300000     Si
   10.09590000       3.365300000       10.09590000     Si
   3.365300000       10.09590000       10.09590000     Si
   10.09590000       10.09590000       3.365300000     Si
 O.fhi
 2 2
   1.682650000       1.682650000       1.682650000
   1.682650000       8.413250000       8.413250000
   8.413250000       1.682650000       8.413250000
   8.413250000       8.413250000       1.682650000
   1.682650000       5.047950000       5.047950000
   8.413250000       5.047950000       11.77855000
   1.682650000       11.77855000       11.77855000
   8.413250000       11.77855000       5.047950000
   11.77855000       5.047950000       8.413250000
   11.77855000       11.77855000       1.682650000
   5.047950000       5.047950000       1.682650000
   5.047950000       11.77855000       8.413250000
   11.77855000       1.682650000       11.77855000
   5.047950000       1.682650000       5.047950000
   11.77855000       8.413250000       5.047950000
   5.047950000       8.413250000       11.77855000

latvec
   13.46120000       0.000000000       0.000000000    
   0.000000000       13.46120000       0.000000000    
   0.000000000       0.000000000       13.46120000

k_points
 1 
 0.0 0.0 0.0 1.0

