max_scf_iter
 1

ecut
 10

atoms
 2
 4  8
 Ti.fhi
 3  3
 bohr
 0.000000000       0.000000000       0.000000000     :Ti
 3.577500000       3.577500000       8.992000000     :Ti
 0.000000000       3.577500000       4.496000000     :Ti
 3.577500000       0.000000000       13.48800000     :Ti
 O.fhi
 2  2
 bohr
 0.000000000       0.000000000       3.715494400     :O
 3.577500000       3.577500000       12.70749440     :O
 0.000000000       3.577500000       8.211494400     :O
 3.577500000       0.000000000       17.20349440     :O
 0.000000000       3.577500000      0.7805056000     :O
 3.577500000       0.000000000       9.772505600     :O
 0.000000000       0.000000000       14.26850560     :O
 3.577500000       3.577500000       5.276505600     :O

latvec
  7.155   0.0   0.0
  0.0   7.155   0.0
  0.0    0.0   17.984

k_points
 1                                 
 0.0 0.0 0.0 1.0

rho_mix_fac
 0.5

imix
 2

