iscf
 0

imix
 3

idiag
 0

rho_mix_fac
 0.3

max_scf_iter
 100

ecut
 8.0

atoms
 2
 4  4
 Ga.cpi
 3  3
 bohr
 0.000000000     0.000000000     0.000000000
 5.235000000     5.235000000     0.000000000
 5.235000000     0.000000000     5.235000000
 0.000000000     5.235000000     5.235000000  
 As.cpi
 3  3
 bohr
 2.617500000     2.617500000     2.617500000
 7.852500000     2.617500000     7.852500000
 7.852500000     7.852500000     2.617500000
 2.617500000     7.852500000     7.852500000

latvec
 10.47  0.0   0.0
  0.0  10.47  0.0
  0.0   0.0  10.47

k_points
 1                                 
 0.0 0.0 0.0 1.0



