max_scf_iter
 30

ecut
 8.0

atoms
 2
 4  4
 Ga.cpi
 3  3
 bohr
 0.000000000     0.000000000     0.000000000
 5.235000000     5.235000000     0.000000000
 5.235000000     0.000000000     5.235000000
 0.000000000     5.235000000     5.235000000  
 As.cpi
 3  3
 bohr
 2.617500000     2.617500000     2.617500000
 7.852500000     2.617500000     7.852500000
 7.852500000     7.852500000     2.617500000
 2.617500000     7.852500000     7.852500000

latvec
 10.47  0.0   0.0
  0.0  10.47  0.0
  0.0   0.0  10.47

k_points
 4                                 
 0.1666667   0.1666667   0.1666667   0.2962963
 0.1666667   0.1666667   0.5000000   0.4444444
 0.1666667   0.5000000   0.5000000   0.2222222
 0.5000000   0.5000000   0.5000000   0.0370370

tmetal
 .true.

ekt
 0.004

rho_mix_fac
 0.50

imix
 0
