iscf
 0

idiag
 0

imix
 4

rho_mix_fac
 0.3

max_scf_iter
 100

ecut
 10.0

atoms
 4
 2 1 3 7
 O.fhi
 2  2
 angstrom
   1.45730       -1.04380        0.26820
   1.24920        1.11650       -0.40470
 N.fhi
 2  2
 angstrom
  -1.41050        1.15070        0.18210
 C.fhi
 2  2
 angstrom
  -0.70850       -0.11360        0.39370
  -1.33450       -1.20000       -0.47020
   0.74700        0.09030        0.03080
 H.fhi
 1  1
 angstrom
  -0.76660       -0.37370        1.45580
  -0.85800       -2.16950       -0.28780
  -2.40230       -1.31270       -0.25210
  -1.22480       -0.97970       -1.53840
  -2.39160        1.04200        0.43760
  -1.40710        1.38750       -0.80990
   2.40620       -0.93410        0.04470

latvec
 15.0   0.0   0.0
  0.0  15.0   0.0
  0.0   0.0  15.0

k_points
 1                                 
 0.0 0.0 0.0 1.0


