diag_verbose
 .true.

max_diag_iter
 30

max_scf_iter
 1

ecut
 30

fft_grid
 70 70 140

imix
 2

rho_mix_fac
 0.3

atoms
 2
 18  36
 Ti.fhi
 3  3
 bohr
  3.19113     0.00000  1.51028
  3.19113     6.38207  1.51024
  3.19113    12.76433  1.51024
  9.57320     0.00000  1.51033
  9.57320     6.38207  1.51026
  9.57320    12.76433  1.51026
  15.95527    0.00000  1.51028
  15.95527    6.38207  1.51024
  15.95527   12.76433  1.51024
  3.19113     3.19113  6.90060
  3.19113     9.57320  6.90050
  3.19113    15.95527  6.90060
  9.57320     3.19113  6.90077
  9.57320     9.57320  6.90063
  9.57320    15.95527  6.90077
  15.95527    3.19113  6.90060
  15.95527    9.57320  6.90050
  15.95527   15.95527  6.90060
 O.fhi
 2  2
 bohr
  0.00000     0.00000  0.00000
  0.00000     6.38207  0.00000
  0.00000    12.76433  0.00000
  6.38207     0.00000  0.00000
  6.38207     6.38207  0.00000
  6.38207    12.76433  0.00000
  12.76433    0.00000  0.00000
  12.76433    6.38207  0.00000
  12.76433   12.76433  0.00000
  3.19113     3.19113  2.84247
  3.19113     9.57320  2.84242
  3.19113    15.95527  2.84247
  9.57320     3.19113  2.84251
  9.57320     9.57320  2.84239
  9.57320    15.95527  2.84251
  15.95527    3.19113  2.84247
  15.95527    9.57320  2.84242
  15.95527   15.95527  2.84247
  3.19113     0.00000  5.56934
  3.19113     6.38207  5.56921
  3.19113    12.76433  5.56921
  9.57320     0.00000  5.56951
  9.57320     6.38207  5.56930
  9.57320    12.76433  5.56930
  15.95527    0.00000  5.56934
  15.95527    6.38207  5.56921
  15.95527   12.76433  5.56921
  0.00000     3.19113  8.41214
  0.00000     9.57320  8.41211
  0.00000    15.95527  8.41214
  6.38207     3.19113  8.41233
  6.38207     9.57320  8.41226
  6.38207    15.95527  8.41233
  12.76433    3.19113  8.41233
  12.76433    9.57320  8.41226
  12.76433   15.95527  8.41233

latvec
  19.1464   0.0000    0.0000
   0.0000  19.1464    0.0000
   0.0000   0.0000   40.0000

k_points
 1                                 
 0.0 0.0 0.0 1.0


