iscf
 0

idiag
 0

imix
 4

rho_mix_fac
 0.3

max_scf_iter
 100

ecut
 10.0

atoms
 1
 36
 C.fhi
 2  2
 bohr
  9.6566905482      12.7857413233       5.8117000000
  6.4793748582      12.7857413233       9.5982765595
  3.8892047259      12.7857413233       9.1415601134
  2.1985903592      12.7857413233       4.4966357278
  3.8892047259      12.7857413233       2.4818398866
  8.7571347826      12.7857413233       3.3401877127
  9.4248096408      10.4610607940       7.1267642722
  7.7341952741      10.4610607940       9.1415601134
  2.8662652174      10.4610607940       8.2832122873
  1.9667094518      10.4610607940       5.8117000000
  5.1440251418      10.4610607940       2.0251234405
  7.7341952741      10.4610607940       2.4818398866
  9.6566905482       8.1363802647       5.8117000000
  6.4793748582       8.1363802647       9.5982765595
  3.8892047259       8.1363802647       9.1415601134
  2.1985903592       8.1363802647       4.4966357278
  3.8892047259       8.1363802647       2.4818398866
  8.7571347826       8.1363802647       3.3401877127
  9.4248096408       5.8116997353       7.1267642722
  7.7341952741       5.8116997353       9.1415601134
  2.8662652174       5.8116997353       8.2832122873
  1.9667094518       5.8116997353       5.8117000000
  5.1440251418       5.8116997353       2.0251234405
  7.7341952741       5.8116997353       2.4818398866
  9.6566905482       3.4870192060       5.8117000000
  6.4793748582       3.4870192060       9.5982765595
  3.8892047259       3.4870192060       9.1415601134
  2.1985903592       3.4870192060       4.4966357278
  3.8892047259       3.4870192060       2.4818398866
  8.7571347826       3.4870192060       3.3401877127
  9.4248096408       1.1623386767       7.1267642722
  7.7341952741       1.1623386767       9.1415601134
  2.8662652174       1.1623386767       8.2832122873
  1.9667094518       1.1623386767       5.8117000000
  5.1440251418       1.1623386767       2.0251234405
  7.7341952741       1.1623386767       2.4818398866

latvec
 11.62340   0.00000   0.0000
  0.00000  13.94808   0.0000
  0.00000   0.00000  11.6234

k_points
 1 
 0.0 0.0 0.0 1.0

