iscf
 0

imix
 2

rho_mix_fac
 0.3

ecut
 10

atoms
 2
 10 20
 O.fhi
 2  2
 bohr
  4.6683742911       7.5541587902       4.8060869565
 12.1303402647       5.2622306238       7.6698109641
  8.4206049149       0.4309262760       6.2244045369
  0.0126086957       9.0876559546       8.0315879017
  2.4142155009       1.8540831758       8.4332703214
  8.8712098299      10.9813610586       8.3168431002
  6.6716446125       5.7207372401       9.8840264650
  6.1368998110       1.0584120983      13.1603213611
  6.0809262760       3.6187334594       0.6162570888
 10.2438185255       7.8115500945       2.3311153119
 H.cpi
 1  1
 bohr
  5.2140453686       5.8687712665       5.1076748582
  5.1319470699       8.5620982987       6.2203780718
 13.4118147448       4.8725897921       6.4731758034
 10.7252930057       5.9834593573       6.8123251418
  9.5674480151       1.0674480151       7.4516635161
  8.5312476371       1.4270132325       4.7329678639
  0.9328166352      10.5531947070       8.5133459357
  0.0000000000       8.9570132325       6.2400945180
  3.7682041588       1.2915879017       7.3935538752
  1.5953308129       3.2425897921       7.6406049149
  9.7310775047       9.9959357278       9.5500756144
 10.0484120983      11.5522306238       7.0878638941
  7.9434215501       5.0749149338      10.9771455577
  5.1069565217       5.7490737240      10.7671455577
  6.8712854442       0.0000000000      11.9084310019
  4.3601512287       1.1204914934      12.8987145558
  7.7092060491       4.0618714556       0.0000000000
  4.9240831758       4.9398298677       0.2383175803
 11.3266540643       8.5691115312       1.1140642722
  8.7213232514       8.7595274102       2.4408317580

latvec
 15.0   0.0   0.0
  0.0  15.0   0.0
  0.0   0.0   15.0

k_points
 1                                 
 0.0 0.0 0.0 1.0


