iscf
 0

idiag
 0

imix
 4

rho_mix_fac
 0.3

max_scf_iter
 100

ecut
 10.0

atoms
 1
 60
 C.fhi
 2  2
 bohr
   7.3243081285      15.6994839319       7.7921474480
  14.8841077505      14.3328620038       8.6367731569
  11.3632419660       5.1158790170      14.3328733459
  15.6994782609       7.7921720227      12.6756691871
   4.3005311909       7.7921550095      12.6756786389
   8.6367977316       5.1158846881      14.3328638941
   5.1158827977      14.3328525520       8.6367712665
   3.4567164461       9.9999886578      11.3125293006
  12.6756578450      15.6994763705       7.7921531191
  16.5432873346      10.0000207940      11.3125122873
   7.3243289225       4.3005236295       7.7921587902
   5.6671342155       8.6367561437       5.1158979206
   9.9999943289      11.3125160681       3.4567145558
  14.3328676749       8.6367750473       5.1158676749
  12.6756824197       4.3005311909       7.7921587902
   5.6671323251      11.3632155009       5.1158941399
  12.2078279773      12.6756672968       4.3005198488
  15.6994706994       7.7921644612       7.3243156900
  11.3125330813       3.4567164461      10.0000113422
   5.1158771267       5.6671228733       8.6367769376
  11.3632211720      14.8841153119      14.3328582231
  12.2078412098      12.6756824197      15.6994669187
   9.9999962193      11.3125274102      16.5432835539
   7.7921531191      12.6756805293      15.6994914934
   8.6367637051      14.8841077505      14.3328620038
   8.6874688091      16.5432835539       9.9999886578
  14.8841228733      14.3328790170      11.3632211720
  14.3328695652       8.6367863894      14.8841058601
   7.7921720227       7.3243327032      15.6994801512
   4.3005293006      12.2078355388      12.6756843100
  12.2078544423       7.3243308129      15.6994688091
   5.6671512287       8.6367807183      14.8841228733
   5.1158846881      14.3328544423      11.3632287335
  11.3125103970      16.5432854442       9.9999905482
  15.6994896030      12.2078601134      12.6756710775
   8.6874914934       3.4567145558      10.0000094518
   4.3005103970       7.7921398866       7.3243289225
   7.7921455577      12.6756691871       4.3005311909
  14.3328506616      11.3632192817       5.1158771267
  14.8841153119       5.6671474480       8.6367712665
  12.2078468809       7.3243213611       4.3005085066
  11.3632362949       5.1158922495       5.6671379962
   8.6367788280       5.1158865784       5.6671417769
   7.7921587902       7.3243175803       4.3005311909
  10.0000037807       8.6874725898       3.4567164461
  11.3632022684      14.8841153119       5.6671361059
  16.5432835539      10.0000132325       8.6874688091
  12.6756899811       4.3005160681      12.2078525520
   5.1158903592       5.6671379962      11.3632268431
   4.3005198488      12.2078298677       7.3243308129
   5.6671323251      11.3632249527      14.8841323251
   7.3243175803      15.6994688091      12.2078412098
  12.6756710775      15.6994763705      12.2078393195
  14.3328657845      11.3632438563      14.8841020794
  10.0000056711       8.6874839319      16.5432854442
   7.3243421550       4.3005236295      12.2078487713
   3.4567126654       9.9999792060       8.6874858223
   8.6367580340      14.8841209830       5.6671266541
  15.6994688091      12.2078449905       7.3243213611
  14.8841172023       5.6671474480      11.3632287335

latvec
 20.0000   0.0000   0.0000
  0.0000  20.0000   0.0000
  0.0000   0.0000  20.0000

k_points
 1 
 0.0 0.0 0.0 1.0

