      0.0035766725
      0.0071425456
      0.0159656186
      0.0242833493
      0.0267221866
      0.0239850110
      0.0203530458
      0.0182765606
      0.0177165553
      0.0182765602
      0.0203530453
      0.0239850088
      0.0267221792
      0.0242833351
      0.0159656022
      0.0071425349
      0.0073664805
      0.0106797564
      0.0186395740
      0.0257102764
      0.0272662080
      0.0243516383
      0.0209336357
      0.0190816970
      0.0186098206
      0.0191024772
      0.0209724985
      0.0244053310
      0.0273276658
      0.0257653670
      0.0186751475
      0.0106944873
      0.0169702381
      0.0193993124
      0.0248184890
      0.0288069632
      0.0285850341
      0.0256796993
      0.0230625570
      0.0218676844
      0.0216231992
      0.0219065672
      0.0231356874
      0.0257809273
      0.0287018681
      0.0289154206
      0.0248943995
      0.0194348980
      0.0264343953
      0.0275677035
      0.0298429664
      0.0309271886
      0.0299334737
      0.0281398355
      0.0269443233
      0.0265454637
      0.0265119506
      0.0265992298
      0.0270456460
      0.0282781441
      0.0300904578
      0.0310742810
      0.0299514589
      0.0276228258
      0.0296717400
      0.0298918576
      0.0303592069
      0.0306888025
      0.0309015708
      0.0310745500
      0.0309187254
      0.0304235118
      0.0301580884
      0.0304851200
      0.0310358130
      0.0312317553
      0.0310735740
      0.0308458900
      0.0304761546
      0.0299533860
      0.0269631412
      0.0270266214
      0.0275768514
      0.0291213101
      0.0313635586
      0.0326164146
      0.0314157146
      0.0288309720
      0.0275427879
      0.0288862720
      0.0315245626
      0.0327639569
      0.0315209368
      0.0292598648
      0.0276782911
      0.0270804322
      0.0228498818
      0.0231786066
      0.0246623898
      0.0277764909
      0.0311509807
      0.0313847297
      0.0268458182
      0.0207777186
      0.0180851828
      0.0208134961
      0.0269221299
      0.0314937360
      0.0312683615
      0.0278781352
      0.0247357730
      0.0232176045
      0.0202781474
      0.0208770082
      0.0231311105
      0.0271634932
      0.0305180296
      0.0286811047
      0.0206517442
      0.0117963081
      0.0081643627
      0.0118111634
      0.0206875824
      0.0287365666
      0.0305798705
      0.0272174914
      0.0231701679
      0.0208978796
      0.0195239382
      0.0202285113
      0.0227535457
      0.0270442272
      0.0301966255
      0.0273425793
      0.0179019260
      0.0081029207
      0.0042083446
      0.0081029236
      0.0179019316
      0.0273425851
      0.0301966284
      0.0270442267
      0.0227535435
      0.0202285096
      0.0202781551
      0.0208978875
      0.0231701729
      0.0272174914
      0.0305798649
      0.0287365570
      0.0206875718
      0.0118111544
      0.0081643573
      0.0117963075
      0.0206517473
      0.0286811076
      0.0305180295
      0.0271634916
      0.0231311112
      0.0208770129
      0.0228498896
      0.0232176119
      0.0247357769
      0.0278781346
      0.0312683569
      0.0314937279
      0.0269221191
      0.0208134852
      0.0180851764
      0.0207777193
      0.0268458233
      0.0313847327
      0.0311509784
      0.0277764868
      0.0246623891
      0.0231786112
      0.0269631399
      0.0270804305
      0.0276782885
      0.0292598624
      0.0315209355
      0.0327639557
      0.0315245589
      0.0288862662
      0.0275427849
      0.0288309757
      0.0314157218
      0.0326164178
      0.0313635543
      0.0291213022
      0.0275768451
      0.0270266185
      0.0296717270
      0.0299533725
      0.0304761432
      0.0308458832
      0.0310735729
      0.0312317581
      0.0310358152
      0.0304851194
      0.0301580881
      0.0304235157
      0.0309187317
      0.0310745522
      0.0309015657
      0.0306887927
      0.0303591960
      0.0298918461
      0.0264343778
      0.0276228080
      0.0299514442
      0.0310742711
      0.0300904535
      0.0282781443
      0.0270456471
      0.0265992290
      0.0265119491
      0.0265454645
      0.0269443260
      0.0281398361
      0.0299334692
      0.0309271796
      0.0298429545
      0.0275676889
      0.0169702258
      0.0194348882
      0.0248943930
      0.0289154154
      0.0287018634
      0.0257809239
      0.0231356848
      0.0219065640
      0.0216231954
      0.0218676819
      0.0230625562
      0.0256796977
      0.0285850288
      0.0288069535
      0.0248184766
      0.0193992993
      0.0073664758
      0.0106944905
      0.0186751553
      0.0257653731
      0.0273276671
      0.0244053292
      0.0209724960
      0.0191024743
      0.0186098172
      0.0190816940
      0.0209336334
      0.0243516348
      0.0272662001
      0.0257102628
      0.0186395583
      0.0106797444
      0.0070409164
      0.0103230086
      0.0182473034
      0.0253255972
      0.0269218663
      0.0240615735
      0.0207049864
      0.0189072338
      0.0184659917
      0.0189576902
      0.0207993470
      0.0241919220
      0.0270710333
      0.0254592904
      0.0183336311
      0.0103587596
      0.0105579774
      0.0135736919
      0.0206478497
      0.0265693011
      0.0273859551
      0.0243924759
      0.0212414579
      0.0196469322
      0.0192797867
      0.0197012811
      0.0213432788
      0.0245334460
      0.0275483191
      0.0267173417
      0.0207469075
      0.0136170625
      0.0192509591
      0.0214000242
      0.0260615700
      0.0291755458
      0.0284638512
      0.0255666775
      0.0231839028
      0.0221920534
      0.0220238982
      0.0222429169
      0.0232792726
      0.0256983112
      0.0286161119
      0.0293185299
      0.0261639639
      0.0214494709
      0.0274115410
      0.0283654013
      0.0301713278
      0.0307621981
      0.0295415535
      0.0278248599
      0.0268359328
      0.0266069990
      0.0266312606
      0.0266482173
      0.0269129760
      0.0279292080
      0.0296598200
      0.0308738627
      0.0302549701
      0.0284086356
      0.0297488931
      0.0298996679
      0.0301558712
      0.0302549631
      0.0303804526
      0.0306899394
      0.0308250022
      0.0305987857
      0.0304273340
      0.0306224726
      0.0308694607
      0.0307489381
      0.0304447207
      0.0303139425
      0.0302002834
      0.0299233087
      0.0269068173
      0.0269421189
      0.0273582326
      0.0287282679
      0.0309357550
      0.0324888308
      0.0318758468
      0.0298326716
      0.0287372133
      0.0298325287
      0.0318755572
      0.0324884349
      0.0309353340
      0.0287278893
      0.0273579382
      0.0269419521
      0.0230845039
      0.0233683706
      0.0246655997
      0.0275577004
      0.0309693365
      0.0317944136
      0.0282461599
      0.0229985905
      0.0205810048
      0.0229778337
      0.0282031942
      0.0317344346
      0.0309054750
      0.0275024916
      0.0246256025
      0.0233470416
      0.0208075074
      0.0213333053
      0.0233300640
      0.0270897960
      0.0305664841
      0.0295835522
      0.0228190591
      0.0148847750
      0.0115273633
      0.0148537571
      0.0227482854
      0.0294778461
      0.0304505812
      0.0269891850
      0.0232574218
      0.0212945495
      0.0201785202
      0.0207934675
      0.0230265467
      0.0270186922
      0.0303225640
      0.0284157574
      0.0203190667
      0.0114399554
      0.0078003304
      0.0114038726
      0.0202320109
      0.0282810026
      0.0301722568
      0.0268873991
      0.0229315652
      0.0207427142
      0.0208581948
      0.0213879171
      0.0233811895
      0.0271312380
      0.0305903244
      0.0295834910
      0.0227983552
      0.0148538348
      0.0114913869
      0.0148101043
      0.0226985176
      0.0294343289
      0.0304267711
      0.0269892935
      0.0232787327
      0.0213332645
      0.0231792179
      0.0234705901
      0.0247613609
      0.0276350702
      0.0310140157
      0.0317942572
      0.0282033323
      0.0229280559
      0.0204942805
      0.0228782923
      0.0281002724
      0.0316503481
      0.0308608099
      0.0275026903
      0.0246655175
      0.0234195028
      0.0270374953
      0.0270834580
      0.0274902243
      0.0288329068
      0.0309949491
      0.0324885859
      0.0318161078
      0.0297274110
      0.0286030758
      0.0296839651
      0.0317320383
      0.0323763598
      0.0308761478
      0.0287281686
      0.0274129486
      0.0270421321
      0.0298982737
      0.0300622720
      0.0303083680
      0.0303734197
      0.0304448535
      0.0306896644
      0.0307614447
      0.0304834556
      0.0302778169
      0.0304597143
      0.0307168385
      0.0306304471
      0.0303803799
      0.0303142881
      0.0302638368
      0.0300385510
      0.0275453327
      0.0285135562
      0.0303144320
      0.0308739624
      0.0296006110
      0.0278246056
      0.0267810180
      0.0265069381
      0.0265007224
      0.0265070484
      0.0267812002
      0.0278248302
      0.0296008661
      0.0308742133
      0.0303146194
      0.0285136476
      0.0193373220
      0.0214991258
      0.0261640154
      0.0292592323
      0.0285083033
      0.0255664703
      0.0231441255
      0.0221198192
      0.0219294748
      0.0221410412
      0.0231838969
      0.0256213293
      0.0285717322
      0.0293187956
      0.0262066839
      0.0215197405
      0.0105937404
      0.0136170779
      0.0206973155
      0.0266125507
      0.0274096109
      0.0243923520
      0.0212202430
      0.0196083879
      0.0192293224
      0.0196469319
      0.0212924398
      0.0244922791
      0.0275246804
      0.0267174734
      0.0207675461
      0.0136478455
      0.0155435120
      0.0179598174
      0.0234138688
      0.0275375944
      0.0274955807
      0.0247875847
      0.0223718130
      0.0213269903
      0.0211364155
      0.0213662805
      0.0224457334
      0.0248899407
      0.0276137410
      0.0276472953
      0.0234906574
      0.0179958186
      0.0182037620
      0.0203680095
      0.0250847264
      0.0283082591
      0.0277199879
      0.0249531857
      0.0227023955
      0.0218027293
      0.0216568315
      0.0218240381
      0.0227423862
      0.0250084442
      0.0277839573
      0.0283683538
      0.0251277657
      0.0203887930
      0.0243755355
      0.0257942651
      0.0285501459
      0.0296895012
      0.0281264359
      0.0255864189
      0.0239783219
      0.0235414862
      0.0235381006
      0.0235416604
      0.0239786865
      0.0255869934
      0.0281271664
      0.0296902173
      0.0285506626
      0.0257945127
      0.0294327606
      0.0299319438
      0.0305797870
      0.0300594449
      0.0284551019
      0.0270807561
      0.0266849587
      0.0268965345
      0.0270527031
      0.0268740274
      0.0266438246
      0.0270264396
      0.0283942081
      0.0300011319
      0.0305345138
      0.0299075796
      0.0300030181
      0.0299437042
      0.0296081528
      0.0290613524
      0.0288769796
      0.0294086745
      0.0301691561
      0.0305715542
      0.0306355560
      0.0305268604
      0.0300877339
      0.0293038419
      0.0287642641
      0.0289566640
      0.0295269074
      0.0298991164
      0.0272738463
      0.0271650555
      0.0270955234
      0.0277775620
      0.0295420032
      0.0314641294
      0.0320675969
      0.0313244109
      0.0307484759
      0.0312648209
      0.0319568216
      0.0313214641
      0.0293931888
      0.0276450718
      0.0269953677
      0.0271103092
      0.0244063339
      0.0244860609
      0.0251270149
      0.0271077389
      0.0300868622
      0.0318651068
      0.0305404014
      0.0274184850
      0.0258101252
      0.0273578771
      0.0304222890
      0.0317079004
      0.0299228612
      0.0269654753
      0.0250225080
      0.0244297514
      0.0229093779
      0.0231556230
      0.0243163088
      0.0270111065
      0.0302182481
      0.0308475276
      0.0271281906
      0.0217846576
      0.0193377203
      0.0217344558
      0.0270243431
      0.0307026394
      0.0300640462
      0.0268778548
      0.0242198179
      0.0231041881
      0.0225447533
      0.0228438839
      0.0241683227
      0.0270457664
      0.0301711161
      0.0301534718
      0.0253889869
      0.0192014619
      0.0164689333
      0.0191651120
      0.0253114794
      0.0300427747
      0.0300519161
      0.0269425547
      0.0240938316
      0.0228043139
      0.0229488816
      0.0231770927
      0.0243165646
      0.0269885928
      0.0301734872
      0.0307878726
      0.0270675785
      0.0217345203
      0.0193014581
      0.0217134808
      0.0270240096
      0.0307270440
      0.0301087548
      0.0269327095
      0.0242761584
      0.0231555800
      0.0244805738
      0.0245262962
      0.0251275088
      0.0270666103
      0.0300053772
      0.0317543126
      0.0304224096
      0.0273148927
      0.0257329019
      0.0273145152
      0.0304216209
      0.0317532182
      0.0300042549
      0.0270657170
      0.0251269321
      0.0245260170
      0.0273764921
      0.0272205469
      0.0270962357
      0.0277232861
      0.0294371888
      0.0313215961
      0.0319107374
      0.0311800500
      0.0306383217
      0.0312043863
      0.0319559403
      0.0313797922
      0.0294979388
      0.0277774637
      0.0271372632
      0.0272429968
      0.0301213647
      0.0300078406
      0.0296090041
      0.0290005360
      0.0287643761
      0.0292601369
      0.0300056799
      0.0304180654
      0.0305170654
      0.0304626435
      0.0300868837
      0.0293647190
      0.0288769083
      0.0291051469
      0.0296902365
      0.0300524303
      0.0295425550
      0.0299921382
      0.0305805923
      0.0300012162
      0.0283505617
      0.0269485842
      0.0265432401
      0.0267639883
      0.0269501828
      0.0268186494
      0.0266431995
      0.0270807293
      0.0284988896
      0.0301433551
      0.0306909482
      0.0300515085
      0.0244523703
      0.0258373585
      0.0285507141
      0.0296442840
      0.0280453056
      0.0254865136
      0.0238742340
      0.0234455283
      0.0234641297
      0.0235016380
      0.0239783182
      0.0256281095
      0.0282084497
      0.0298006265
      0.0286681727
      0.0258976358
      0.0182397862
      0.0203888172
      0.0250849939
      0.0282839160
      0.0276754544
      0.0248985684
      0.0226463051
      0.0217515733
      0.0216175343
      0.0218027285
      0.0227422200
      0.0250309449
      0.0278285781
      0.0284277562
      0.0251880735
      0.0204386410
      0.0234955200
      0.0247347176
      0.0272625057
      0.0286988079
      0.0280921497
      0.0267184018
      0.0259067634
      0.0257402374
      0.0257547938
      0.0257182511
      0.0258653787
      0.0266620377
      0.0280283489
      0.0286391694
      0.0272185928
      0.0247124301
      0.0249632843
      0.0260217728
      0.0280500145
      0.0289251905
      0.0280084676
      0.0266305030
      0.0259554900
      0.0259108940
      0.0259641703
      0.0258699417
      0.0258790035
      0.0265270569
      0.0278914069
      0.0288147848
      0.0279673517
      0.0259790452
      0.0281216524
      0.0286778766
      0.0294457747
      0.0290708955
      0.0276324072
      0.0264613872
      0.0262591267
      0.0265849572
      0.0267645582
      0.0265306693
      0.0261598855
      0.0263302819
      0.0274853772
      0.0289301236
      0.0293365609
      0.0286191515
      0.0303243888
      0.0303126333
      0.0298227931
      0.0285159717
      0.0271081698
      0.0266609046
      0.0272451476
      0.0280572224
      0.0283833655
      0.0279961563
      0.0271361301
      0.0265215739
      0.0269555913
      0.0283694532
      0.0297057882
      0.0302474589
      0.0301625721
      0.0298356245
      0.0288242073
      0.0275631955
      0.0270056143
      0.0276863130
      0.0290222476
      0.0300559654
      0.0303838212
      0.0299966529
      0.0289173441
      0.0275554064
      0.0268667415
      0.0274324520
      0.0287195286
      0.0297764669
      0.0286562430
      0.0283260716
      0.0275405339
      0.0270490288
      0.0276574081
      0.0292247071
      0.0305988593
      0.0310690707
      0.0310639768
      0.0310223277
      0.0305149686
      0.0291197373
      0.0275482522
      0.0269495321
      0.0274628095
      0.0282825761
      0.0273524880
      0.0271612070
      0.0268698465
      0.0272144062
      0.0286218516
      0.0302434184
      0.0306019508
      0.0296850587
      0.0290558546
      0.0296598401
      0.0305550891
      0.0301831212
      0.0285590543
      0.0271586097
      0.0268277425
      0.0271382162
      0.0267499187
      0.0266789766
      0.0267643220
      0.0276178347
      0.0292677121
      0.0303260089
      0.0292883565
      0.0269448615
      0.0257443547
      0.0269441027
      0.0292869393
      0.0303242301
      0.0292659931
      0.0276164804
      0.0267634187
      0.0266785200
      0.0266075577
      0.0265734387
      0.0267837160
      0.0277867019
      0.0294399082
      0.0301596625
      0.0284897717
      0.0255716134
      0.0241596209
      0.0255938091
      0.0285335159
      0.0302190875
      0.0295034924
      0.0278428821
      0.0268249706
      0.0265953581
      0.0267279644
      0.0266379795
      0.0267099100
      0.0275565950
      0.0292082358
      0.0302791655
      0.0292631080
      0.0269441052
      0.0257665493
      0.0269868593
      0.0293458214
      0.0303896341
      0.0293253532
      0.0276600805
      0.0267864194
      0.0266789424
      0.0273111664
      0.0270846732
      0.0267704399
      0.0271051536
      0.0285167420
      0.0301594337
      0.0305551044
      0.0296836849
      0.0290995988
      0.0297425230
      0.0306645230
      0.0303004511
      0.0286639955
      0.0272364232
      0.0268697843
      0.0271390116
      0.0285999640
      0.0282226198
      0.0274093148
      0.0269095276
      0.0275263853
      0.0291197591
      0.0305386941
      0.0310674127
      0.0311234106
      0.0311327079
      0.0306559068
      0.0292665035
      0.0276791365
      0.0270489532
      0.0275183732
      0.0282837016
      0.0300988586
      0.0297186042
      0.0286771435
      0.0274105534
      0.0268667521
      0.0275773103
      0.0289596953
      0.0300544397
      0.0304474323
      0.0301136423
      0.0290644316
      0.0277080663
      0.0270055499
      0.0275413172
      0.0287819054
      0.0297778351
      0.0302648193
      0.0302022804
      0.0296820276
      0.0283694494
      0.0269775027
      0.0265616166
      0.0271896339
      0.0280560872
      0.0284395926
      0.0280995212
      0.0272672155
      0.0266608604
      0.0270862974
      0.0284740174
      0.0297655844
      0.0302488405
      0.0280777802
      0.0285952459
      0.0293365607
      0.0289538876
      0.0275277942
      0.0263838358
      0.0262172554
      0.0265842398
      0.0268058672
      0.0266071004
      0.0262590933
      0.0264392283
      0.0275900822
      0.0290136612
      0.0293830036
      0.0286202380
      0.0249410129
      0.0259790538
      0.0279912785
      0.0288600038
      0.0279493378
      0.0265870979
      0.0259326260
      0.0259105427
      0.0259861273
      0.0259108715
      0.0259332760
      0.0265880841
      0.0279506112
      0.0288613369
      0.0279923436
      0.0259796228
      0.0258245423
      0.0262393967
      0.0271124792
      0.0279615053
      0.0287868282
      0.0296202730
      0.0299764975
      0.0297199346
      0.0294748789
      0.0296585890
      0.0298599284
      0.0294638458
      0.0286158241
      0.0278054848
      0.0269964295
      0.0261783789
      0.0264407536
      0.0267470141
      0.0273358437
      0.0278608105
      0.0285048588
      0.0293984341
      0.0300008819
      0.0299997801
      0.0298589198
      0.0299427928
      0.0298939289
      0.0292565779
      0.0283504665
      0.0277192264
      0.0272292613
      0.0266902786
      0.0278454899
      0.0278673342
      0.0277378819
      0.0274719671
      0.0276653190
      0.0286593604
      0.0298156696
      0.0304304949
      0.0305519066
      0.0303862471
      0.0297350669
      0.0285555681
      0.0275536880
      0.0273682782
      0.0276574439
      0.0278232157
      0.0292763733
      0.0289744023
      0.0280575031
      0.0269412450
      0.0265948695
      0.0275444193
      0.0291221955
      0.0303002563
      0.0306821596
      0.0302759570
      0.0290792337
      0.0274908130
      0.0265379785
      0.0268876565
      0.0280145907
      0.0289501547
      0.0303137478
      0.0298309782
      0.0284752550
      0.0268427149
      0.0260676920
      0.0267803891
      0.0283521643
      0.0296597373
      0.0301236748
      0.0296596891
      0.0283520948
      0.0267803407
      0.0260676993
      0.0268427824
      0.0284753495
      0.0298310458
      0.0308266053
      0.0303978717
      0.0291478863
      0.0275098310
      0.0265372853
      0.0268833489
      0.0279848494
      0.0288715329
      0.0291715170
      0.0288957049
      0.0280276287
      0.0269368395
      0.0265942293
      0.0275636429
      0.0291910820
      0.0304223114
      0.0306285357
      0.0304248064
      0.0296993343
      0.0284930542
      0.0275521181
      0.0274495622
      0.0277384471
      0.0278207864
      0.0277912920
      0.0278648469
      0.0278187809
      0.0275532024
      0.0276638855
      0.0285971538
      0.0297802512
      0.0304692324
      0.0299709272
      0.0299935807
      0.0298287421
      0.0291560319
      0.0283480105
      0.0278334316
      0.0273193699
      0.0266303995
      0.0262929924
      0.0266871594
      0.0274259930
      0.0279751103
      0.0285026049
      0.0292981693
      0.0299359458
      0.0300507033
      0.0295980101
      0.0297108225
      0.0297793014
      0.0293458443
      0.0286129589
      0.0279333799
      0.0270887520
      0.0260912299
      0.0256337466
      0.0261523369
      0.0272049702
      0.0280896127
      0.0287841693
      0.0295024394
      0.0298959909
      0.0297722338
      0.0299094944
      0.0299364622
      0.0297843398
      0.0291316007
      0.0283478906
      0.0278575872
      0.0273634277
      0.0266871351
      0.0263540585
      0.0267440172
      0.0274702772
      0.0279995005
      0.0285026019
      0.0292737169
      0.0298914755
      0.0299935457
      0.0305118708
      0.0303176803
      0.0296185091
      0.0284498966
      0.0275519422
      0.0274923106
      0.0278187473
      0.0279273117
      0.0279073663
      0.0279715808
      0.0278994514
      0.0275963153
      0.0276638676
      0.0285539191
      0.0296992670
      0.0303620073
      0.0306701497
      0.0302558969
      0.0290439061
      0.0274560525
      0.0265371511
      0.0269368132
      0.0280884165
      0.0290130153
      0.0293274661
      0.0290373613
      0.0281314917
      0.0269905750
      0.0265941799
      0.0275097443
      0.0290869109
      0.0302802134
      0.0301427848
      0.0296765487
      0.0283635168
      0.0267857254
      0.0260676745
      0.0268373429
      0.0284638542
      0.0298140837
      0.0302945124
      0.0298140380
      0.0284637779
      0.0268372611
      0.0260676096
      0.0267856867
      0.0283634996
      0.0296765433
      0.0291204076
      0.0288328210
      0.0279537665
      0.0268876237
      0.0265949719
      0.0275982900
      0.0292262569
      0.0304421769
      0.0308383998
      0.0304177067
      0.0291829842
      0.0275443478
      0.0265378602
      0.0268339572
      0.0279108373
      0.0288085611
      0.0277294640
      0.0277607497
      0.0276574169
      0.0274290513
      0.0276654714
      0.0287026377
      0.0298965937
      0.0305375636
      0.0306683447
      0.0304931074
      0.0298156048
      0.0285984265
      0.0275535739
      0.0273252842
      0.0275769766
      0.0277166256
      0.0263797342
      0.0266902678
      0.0272917071
      0.0278365639
      0.0285049665
      0.0294229313
      0.0300453278
      0.0300568462
      0.0299202092
      0.0299997358
      0.0299381379
      0.0292808087
      0.0283503963
      0.0276949151
      0.0271851045
      0.0266335146
      0.0232535842
      0.0234946101
      0.0244549175
      0.0266012427
      0.0296318018
      0.0316779128
      0.0309769866
      0.0285594308
      0.0272742651
      0.0285371204
      0.0309330472
      0.0316183081
      0.0295681677
      0.0265451700
      0.0244138393
      0.0234728145
      0.0236647819
      0.0238271451
      0.0245851633
      0.0264790090
      0.0294016821
      0.0317092511
      0.0316035817
      0.0297556570
      0.0286968042
      0.0297563821
      0.0316049570
      0.0317110138
      0.0294034337
      0.0264804414
      0.0245861580
      0.0238276625
      0.0250437020
      0.0250052818
      0.0251953228
      0.0263004819
      0.0286739720
      0.0312889262
      0.0324178040
      0.0319244199
      0.0314328812
      0.0319496935
      0.0324647790
      0.0313493679
      0.0287368964
      0.0263563645
      0.0252374811
      0.0250283028
      0.0275576768
      0.0272713994
      0.0266831609
      0.0265156249
      0.0275868333
      0.0296997265
      0.0315332233
      0.0322649247
      0.0323632269
      0.0323117792
      0.0316173232
      0.0298049578
      0.0276962435
      0.0266153343
      0.0267610473
      0.0273149884
      0.0305498042
      0.0301560956
      0.0290299270
      0.0275815517
      0.0268620143
      0.0274991911
      0.0288575129
      0.0299044321
      0.0302655840
      0.0299638357
      0.0289626058
      0.0276303978
      0.0270012945
      0.0277127593
      0.0291350224
      0.0302155017
      0.0321316168
      0.0319773925
      0.0311264664
      0.0291807196
      0.0270099477
      0.0259134852
      0.0260438025
      0.0265808506
      0.0268464409
      0.0266419337
      0.0261529111
      0.0260530905
      0.0271630567
      0.0293279445
      0.0312441320
      0.0320429575
      0.0309008142
      0.0312910407
      0.0315716774
      0.0302665715
      0.0276213441
      0.0253135895
      0.0242493510
      0.0240393981
      0.0240651367
      0.0240936439
      0.0243485996
      0.0254449190
      0.0277689241
      0.0304081128
      0.0316816028
      0.0313501745
      0.0281771548
      0.0290822218
      0.0305944688
      0.0304106887
      0.0280438350
      0.0252307962
      0.0234262817
      0.0226650250
      0.0224925170
      0.0227059233
      0.0235027449
      0.0253344012
      0.0281613288
      0.0305216999
      0.0306776735
      0.0291252484
      0.0268090695
      0.0279171550
      0.0299422928
      0.0302976336
      0.0281699258
      0.0252588197
      0.0232169590
      0.0222583422
      0.0220076749
      0.0222802921
      0.0232583173
      0.0253152500
      0.0282339335
      0.0303575618
      0.0299864565
      0.0279395749
      0.0281547396
      0.0290828344
      0.0306196579
      0.0304575197
      0.0281032697
      0.0252919217
      0.0234805424
      0.0227059079
      0.0225144436
      0.0227055661
      0.0234798640
      0.0252908887
      0.0281019298
      0.0304561062
      0.0306185166
      0.0290822188
      0.0308566988
      0.0312922066
      0.0316184784
      0.0303505966
      0.0277264532
      0.0254227293
      0.0243485784
      0.0241157882
      0.0241064184
      0.0240929208
      0.0243066896
      0.0253671758
      0.0276638558
      0.0302904203
      0.0315716706
      0.0312670055
      0.0320718215
      0.0319789002
      0.0311866787
      0.0292858303
      0.0271411335
      0.0260530741
      0.0261750377
      0.0266842926
      0.0269027152
      0.0266408086
      0.0260973231
      0.0259535541
      0.0270318895
      0.0291807126
      0.0311026315
      0.0319320582
      0.0304860157
      0.0301576213
      0.0290926446
      0.0276908563
      0.0270012762
      0.0276522648
      0.0290049519
      0.0300216957
      0.0303293664
      0.0299623478
      0.0288999367
      0.0275211199
      0.0268620213
      0.0275596357
      0.0289875130
      0.0300981843
      0.0275015047
      0.0272726848
      0.0267389227
      0.0266153036
      0.0277180783
      0.0298469530
      0.0316746425
      0.0323757053
      0.0324229094
      0.0323101785
      0.0315570227
      0.0296997509
      0.0275649591
      0.0264756621
      0.0266297684
      0.0272115696
      0.0250025693
      0.0250062074
      0.0252374467
      0.0263784082
      0.0287791567
      0.0314066426
      0.0325276659
      0.0320074548
      0.0314768409
      0.0319483725
      0.0324178225
      0.0312651892
      0.0286316551
      0.0262471395
      0.0251382380
      0.0249519808
      0.0236429618
      0.0238276404
      0.0246081886
      0.0265226467
      0.0294611644
      0.0317748682
      0.0316626982
      0.0297985987
      0.0287191103
      0.0297556551
      0.0315796517
      0.0316640708
      0.0293439072
      0.0264192629
      0.0245318963
      0.0237868357
      0.0198682532
      0.0203187136
      0.0221646753
      0.0259065416
      0.0301348695
      0.0311487727
      0.0269985526
      0.0209918992
      0.0182860622
      0.0210284579
      0.0270764833
      0.0312599969
      0.0302544870
      0.0260099273
      0.0222391495
      0.0203582234
      0.0204532312
      0.0208248471
      0.0224536089
      0.0259386724
      0.0301789549
      0.0318026054
      0.0286955839
      0.0235462406
      0.0211404875
      0.0235967266
      0.0287999918
      0.0319481788
      0.0303337009
      0.0260721695
      0.0225501112
      0.0208762300
      0.0225994669
      0.0227557765
      0.0237231442
      0.0262713967
      0.0300474845
      0.0326559058
      0.0318752074
      0.0289363139
      0.0273775045
      0.0289972763
      0.0319939733
      0.0328138800
      0.0302121146
      0.0264140137
      0.0238277774
      0.0228121099
      0.0265213144
      0.0264240220
      0.0264604882
      0.0273260173
      0.0294324216
      0.0318133434
      0.0327525388
      0.0321117907
      0.0315680077
      0.0321717301
      0.0328639302
      0.0319567279
      0.0295818807
      0.0274589781
      0.0265609345
      0.0264789066
      0.0305571214
      0.0304612352
      0.0300158481
      0.0292049541
      0.0287539963
      0.0291769373
      0.0299007601
      0.0302283932
      0.0302682481
      0.0302733425
      0.0299826290
      0.0292823138
      0.0288672646
      0.0293101323
      0.0300974598
      0.0305060191
      0.0311056414
      0.0315737350
      0.0320143660
      0.0309035025
      0.0284765442
      0.0263927778
      0.0255158467
      0.0254167458
      0.0254666357
      0.0254393975
      0.0255572312
      0.0264474034
      0.0285377654
      0.0309621165
      0.0320598647
      0.0315982168
      0.0265591696
      0.0279966851
      0.0305835290
      0.0310210565
      0.0283052316
      0.0246159137
      0.0221590298
      0.0211992289
      0.0210109237
      0.0211991367
      0.0221587781
      0.0246154125
      0.0283044920
      0.0310202608
      0.0305829136
      0.0279963732
      0.0203823178
      0.0226147986
      0.0272436977
      0.0297894574
      0.0279339749
      0.0237979751
      0.0204862302
      0.0189297576
      0.0185433689
      0.0189085148
      0.0204462719
      0.0237425727
      0.0278696226
      0.0297288450
      0.0272002046
      0.0225937672
      0.0176438622
      0.0201539553
      0.0255644565
      0.0290438305
      0.0277190534
      0.0235793884
      0.0200317434
      0.0182787921
      0.0178190162
      0.0182395655
      0.0199578001
      0.0234767079
      0.0276001876
      0.0289332391
      0.0254869252
      0.0201175661
      0.0204187510
      0.0226651736
      0.0273045992
      0.0298493914
      0.0279789448
      0.0238206399
      0.0204861356
      0.0189085093
      0.0185041410
      0.0188574043
      0.0203901506
      0.0236878236
      0.0278249179
      0.0297044198
      0.0272005699
      0.0226148480
      0.0266367997
      0.0281008150
      0.0307021207
      0.0311323932
      0.0283871091
      0.0246573049
      0.0221587674
      0.0211592666
      0.0209369957
      0.0211031670
      0.0220545598
      0.0245152320
      0.0282230402
      0.0309748830
      0.0305836469
      0.0280399778
      0.0312164118
      0.0317188790
      0.0321720543
      0.0310467685
      0.0285818938
      0.0264473821
      0.0255153135
      0.0253613377
      0.0253639925
      0.0253066289
      0.0254151760
      0.0263147965
      0.0284328031
      0.0309036796
      0.0320608490
      0.0316590215
      0.0306762682
      0.0306155352
      0.0301801808
      0.0293542841
      0.0288672195
      0.0292381082
      0.0298999568
      0.0301640142
      0.0301494130
      0.0301193618
      0.0298185733
      0.0291331996
      0.0287542065
      0.0292491101
      0.0300984456
      0.0305706507
      0.0266243577
      0.0265572016
      0.0266029089
      0.0274589085
      0.0295375765
      0.0318719018
      0.0327516557
      0.0320511154
      0.0314574014
      0.0320267513
      0.0327063777
      0.0318135720
      0.0294766456
      0.0274045316
      0.0265617050
      0.0265346463
      0.0226737683
      0.0228521291
      0.0238277076
      0.0263718476
      0.0301291107
      0.0327013686
      0.0318745077
      0.0288927366
      0.0272999121
      0.0288931802
      0.0318754010
      0.0327025667
      0.0301303014
      0.0263727600
      0.0238282680
      0.0228523879
      0.0204926844
      0.0208761880
      0.0225099392
      0.0259935863
      0.0302237640
      0.0318270741
      0.0286952208
      0.0235251475
      0.0211040409
      0.0235463342
      0.0287390684
      0.0318882347
      0.0302887577
      0.0260495861
      0.0225503470
      0.0208976715
      0.0179631266
      0.0186569283
      0.0212464917
      0.0259042760
      0.0301023733
      0.0289790774
      0.0212195678
      0.0123050327
      0.0086112204
      0.0123413635
      0.0213071700
      0.0291145799
      0.0302533580
      0.0260359611
      0.0213415909
      0.0187076796
      0.0187619564
      0.0193715669
      0.0217102541
      0.0261038629
      0.0304460326
      0.0302353316
      0.0238017168
      0.0158176293
      0.0123956374
      0.0158488872
      0.0238729805
      0.0303416664
      0.0305624787
      0.0262047761
      0.0217829823
      0.0194103184
      0.0215661000
      0.0219258179
      0.0234863710
      0.0268588782
      0.0309736787
      0.0324766194
      0.0292257612
      0.0239044361
      0.0214042792
      0.0239254052
      0.0292691077
      0.0325370293
      0.0310378762
      0.0269142573
      0.0235264090
      0.0219471395
      0.0262983175
      0.0263917356
      0.0269256176
      0.0284536491
      0.0309570035
      0.0328758322
      0.0324144048
      0.0302475491
      0.0290452530
      0.0302478096
      0.0324148697
      0.0328763675
      0.0309574597
      0.0284539606
      0.0269258035
      0.0263918256
      0.0302629562
      0.0304765903
      0.0307292002
      0.0306031690
      0.0304296278
      0.0305535392
      0.0305260812
      0.0300660815
      0.0297537582
      0.0300423964
      0.0304815704
      0.0304943566
      0.0303650134
      0.0305437458
      0.0306843817
      0.0304527103
      0.0287505632
      0.0298153289
      0.0316277269
      0.0317674991
      0.0297321385
      0.0272442868
      0.0257011888
      0.0250830541
      0.0249260334
      0.0250417754
      0.0256239457
      0.0271394852
      0.0296131338
      0.0316549589
      0.0315433307
      0.0297716726
      0.0207378571
      0.0230519979
      0.0278257444
      0.0304905145
      0.0287339331
      0.0246957607
      0.0214663450
      0.0199574526
      0.0195765129
      0.0199065304
      0.0213707248
      0.0245635014
      0.0285806378
      0.0303463362
      0.0277223771
      0.0230020385
      0.0117700611
      0.0149660599
      0.0222273536
      0.0277874653
      0.0275503304
      0.0232978541
      0.0191784477
      0.0170111519
      0.0164191415
      0.0169567716
      0.0190763858
      0.0231562015
      0.0273868180
      0.0276381345
      0.0221273028
      0.0149222021
      0.0080853953
      0.0115404371
      0.0196632618
      0.0264156205
      0.0269818916
      0.0228540131
      0.0185104978
      0.0161341762
      0.0154713196
      0.0160837151
      0.0184159465
      0.0227230553
      0.0268316731
      0.0262807505
      0.0195760487
      0.0115042668
      0.0118062753
      0.0149972328
      0.0222482754
      0.0277876951
      0.0275266122
      0.0232565423
      0.0191275060
      0.0169567694
      0.0163686843
      0.0169182436
      0.0190552043
      0.0231561980
      0.0274107721
      0.0276818701
      0.0221773348
      0.0149661132
      0.0208251685
      0.0231230537
      0.0278689861
      0.0304909334
      0.0286893856
      0.0246184828
      0.0213707143
      0.0198554119
      0.0194819904
      0.0198342382
      0.0213309546
      0.0245634754
      0.0286255918
      0.0304308794
      0.0278258843
      0.0231022007
      0.0288856167
      0.0299213462
      0.0316879848
      0.0317679827
      0.0296729245
      0.0271394569
      0.0255689376
      0.0249414580
      0.0247951411
      0.0249414603
      0.0255689289
      0.0271393895
      0.0296727472
      0.0317677173
      0.0316877327
      0.0299212025
      0.0304134708
      0.0305927047
      0.0307932379
      0.0306035616
      0.0303649570
      0.0304344750
      0.0303727751
      0.0299026278
      0.0296036159
      0.0299265890
      0.0304177647
      0.0304941541
      0.0304298822
      0.0306630619
      0.0308380159
      0.0306165454
      0.0264296590
      0.0264924046
      0.0269808705
      0.0284538808
      0.0308974730
      0.0327631657
      0.0322701517
      0.0300982262
      0.0289104218
      0.0301419913
      0.0323547952
      0.0328760961
      0.0310169570
      0.0285591630
      0.0270585053
      0.0265339058
      0.0216610249
      0.0219984192
      0.0235263330
      0.0268589840
      0.0309287274
      0.0323920580
      0.0291222668
      0.0238043325
      0.0213170505
      0.0238544378
      0.0292259787
      0.0325367913
      0.0310827027
      0.0269919077
      0.0236224739
      0.0220496273
      0.0188126500
      0.0194102744
      0.0217315432
      0.0261039020
      0.0304220599
      0.0301915560
      0.0237516559
      0.0157737132
      0.0123594347
      0.0158177366
      0.0238521071
      0.0303415392
      0.0305863686
      0.0262463195
      0.0218341894
      0.0194649680
      0.0174570082
      0.0182680604
      0.0211360033
      0.0260578264
      0.0300455894
      0.0278683939
      0.0186311976
      0.0086976511
      0.0047012735
      0.0086976453
      0.0186311895
      0.0278683854
      0.0300455823
      0.0260578231
      0.0211360037
      0.0182680619
      0.0183619375
      0.0190840016
      0.0216819884
      0.0263314895
      0.0305099713
      0.0293476916
      0.0215078092
      0.0124830759
      0.0087225624
      0.0124681425
      0.0214717892
      0.0292919532
      0.0304478346
      0.0262772620
      0.0216427982
      0.0190630747
      0.0214147856
      0.0218672572
      0.0236363665
      0.0272388117
      0.0313034868
      0.0321456667
      0.0277723171
      0.0214929303
      0.0186317712
      0.0214569671
      0.0276956192
      0.0320361134
      0.0311855217
      0.0271366793
      0.0235626558
      0.0218280983
      0.0263810868
      0.0265563530
      0.0272671460
      0.0289947612
      0.0315333766
      0.0331058569
      0.0319523684
      0.0291182932
      0.0276359619
      0.0290627068
      0.0318429643
      0.0329575499
      0.0313751474
      0.0288554186
      0.0271651078
      0.0265022197
      0.0301348059
      0.0304716980
      0.0309998331
      0.0311434136
      0.0310565761
      0.0310070353
      0.0306197729
      0.0298083221
      0.0293421781
      0.0297464070
      0.0305020877
      0.0308489723
      0.0308835375
      0.0309852815
      0.0308820455
      0.0304097070
      0.0276078484
      0.0288944877
      0.0312549924
      0.0319479711
      0.0301508541
      0.0275652782
      0.0257872759
      0.0249725513
      0.0247388138
      0.0249185446
      0.0256854486
      0.0274261672
      0.0299928144
      0.0317997700
      0.0311456130
      0.0288388904
      0.0181747422
      0.0207861686
      0.0263836049
      0.0299967418
      0.0287743598
      0.0247485521
      0.0213069160
      0.0196229928
      0.0191860120
      0.0195839639
      0.0212334366
      0.0246467008
      0.0286566594
      0.0298873781
      0.0263070029
      0.0207502356
      0.0082339128
      0.0117161130
      0.0198891440
      0.0266621954
      0.0272386468
      0.0231348519
      0.0188215791
      0.0164705621
      0.0158263397
      0.0164497148
      0.0187825363
      0.0230808129
      0.0271766985
      0.0266066021
      0.0198532065
      0.0117012114
      0.0042638958
      0.0079751259
      0.0169924834
      0.0250293375
      0.0265196151
      0.0226087301
      0.0180904256
      0.0155343557
      0.0148261533
      0.0155343529
      0.0180904219
      0.0226087288
      0.0265196178
      0.0250293418
      0.0169924858
      0.0079751260
      0.0082339153
      0.0117012138
      0.0198532077
      0.0266066021
      0.0271766996
      0.0230808166
      0.0187825411
      0.0164497185
      0.0158263404
      0.0164705597
      0.0188215759
      0.0231348515
      0.0272386514
      0.0266622028
      0.0198891500
      0.0117161164
      0.0181747456
      0.0207502379
      0.0263070048
      0.0298873803
      0.0286566630
      0.0246467058
      0.0212334416
      0.0195839669
      0.0191860119
      0.0196229903
      0.0213069135
      0.0247485532
      0.0287743661
      0.0299967512
      0.0263836134
      0.0207861743
      0.0276078500
      0.0288388894
      0.0311456117
      0.0317997705
      0.0299928173
      0.0274261709
      0.0256854507
      0.0249185435
      0.0247388101
      0.0249725477
      0.0257872757
      0.0275652835
      0.0301508640
      0.0319479825
      0.0312550019
      0.0288944933
      0.0301348040
      0.0304097015
      0.0308820397
      0.0309852786
      0.0308835376
      0.0308489723
      0.0305020832
      0.0297463968
      0.0293421656
      0.0298083132
      0.0306197725
      0.0310070434
      0.0310565885
      0.0311434254
      0.0309998413
      0.0304717012
      0.0263810827
      0.0265022120
      0.0271651000
      0.0288554140
      0.0313751455
      0.0329575452
      0.0318429514
      0.0290626852
      0.0276359367
      0.0291182730
      0.0319523601
      0.0331058600
      0.0315333851
      0.0289947691
      0.0272671507
      0.0265563536
      0.0214147818
      0.0218280917
      0.0235626493
      0.0271366760
      0.0311855202
      0.0320361072
      0.0276956031
      0.0214569414
      0.0186317401
      0.0214929012
      0.0277722979
      0.0321456590
      0.0313034860
      0.0272388129
      0.0236363674
      0.0218672565
      0.0183619356
      0.0190630707
      0.0216427949
      0.0262772620
      0.0304478368
      0.0292919522
      0.0214717813
      0.0124681275
      0.0087225408
      0.0124830516
      0.0215077889
      0.0293476782
      0.0305099637
      0.0263314861
      0.0216819877
      0.0190840014
      0.0179631281
      0.0187076788
      0.0213415893
      0.0260359611
      0.0302533611
      0.0291145860
      0.0213071776
      0.0123413695
      0.0086112206
      0.0123050276
      0.0212195608
      0.0289790697
      0.0301023664
      0.0259042728
      0.0212464929
      0.0186569313
      0.0188126536
      0.0194649695
      0.0218341903
      0.0262463215
      0.0305863737
      0.0303415500
      0.0238521250
      0.0158177585
      0.0123594544
      0.0157737270
      0.0237516627
      0.0301915555
      0.0304220558
      0.0261039005
      0.0217315462
      0.0194102793
      0.0216610296
      0.0220496293
      0.0236224742
      0.0269919075
      0.0310827040
      0.0325367985
      0.0292259960
      0.0238544641
      0.0213170792
      0.0238043562
      0.0291222809
      0.0323920620
      0.0309287267
      0.0268589855
      0.0235263386
      0.0219984260
      0.0264296623
      0.0265339050
      0.0270585015
      0.0285591574
      0.0310169516
      0.0328760952
      0.0323548039
      0.0301420103
      0.0289104455
      0.0300982467
      0.0322701636
      0.0327631694
      0.0308974739
      0.0284538843
      0.0269808774
      0.0264924113
      0.0304134695
      0.0306165393
      0.0308380066
      0.0306630518
      0.0304298735
      0.0304941498
      0.0304177675
      0.0299265990
      0.0296036293
      0.0299026391
      0.0303727809
      0.0304344763
      0.0303649579
      0.0306035649
      0.0307932429
      0.0305927080
      0.0288856110
      0.0299211924
      0.0316877203
      0.0317677059
      0.0296727401
      0.0271393880
      0.0255689323
      0.0249414667
      0.0247951475
      0.0249414619
      0.0255689382
      0.0271394559
      0.0296729240
      0.0317679838
      0.0316879861
      0.0299213449
      0.0208251627
      0.0231021916
      0.0278258732
      0.0304308699
      0.0286255876
      0.0245634774
      0.0213309600
      0.0198342436
      0.0194819934
      0.0198554117
      0.0213707119
      0.0246184801
      0.0286893841
      0.0304909331
      0.0278689853
      0.0231230508
      0.0118062737
      0.0149661097
      0.0221773287
      0.0276818640
      0.0274107700
      0.0231562011
      0.0190552098
      0.0169182481
      0.0163686858
      0.0169567678
      0.0191275028
      0.0232565398
      0.0275266121
      0.0277876962
      0.0222482757
      0.0149972319
      0.0080853974
      0.0115042687
      0.0195760487
      0.0262807492
      0.0268316737
      0.0227230591
      0.0184159518
      0.0160837193
      0.0154713211
      0.0161341750
      0.0185104953
      0.0228540120
      0.0269818937
      0.0264156240
      0.0196632641
      0.0115404385
      0.0117700631
      0.0149222055
      0.0221273065
      0.0276381381
      0.0273868224
      0.0231562072
      0.0190763916
      0.0169567760
      0.0164191436
      0.0170111515
      0.0191784462
      0.0232978543
      0.0275503339
      0.0277874702
      0.0222273567
      0.0149660614
      0.0207378570
      0.0230020398
      0.0277223807
      0.0303463418
      0.0285806447
      0.0245635085
      0.0213707307
      0.0199065343
      0.0195765147
      0.0199574528
      0.0214663455
      0.0246957638
      0.0287339392
      0.0304905212
      0.0278257485
      0.0230519989
      0.0287505611
      0.0297716701
      0.0315433306
      0.0316549624
      0.0296131399
      0.0271394915
      0.0256239498
      0.0250417766
      0.0249260329
      0.0250830547
      0.0257011932
      0.0272442959
      0.0297321504
      0.0317675101
      0.0316277335
      0.0298153302
      0.0302629524
      0.0304527039
      0.0306843767
      0.0305437450
      0.0303650163
      0.0304943597
      0.0304815696
      0.0300423908
      0.0297537509
      0.0300660785
      0.0305260869
      0.0305535531
      0.0304296447
      0.0306031833
      0.0307292087
      0.0304765921
      0.0262983133
      0.0263918174
      0.0269257954
      0.0284539561
      0.0309574588
      0.0328763657
      0.0324148620
      0.0302477947
      0.0290452350
      0.0302475362
      0.0324144035
      0.0328758421
      0.0309570177
      0.0284536614
      0.0269256250
      0.0263917372
      0.0215660970
      0.0219471325
      0.0235264010
      0.0269142517
      0.0310378732
      0.0325370247
      0.0292690966
      0.0239253863
      0.0214042549
      0.0239044136
      0.0292257485
      0.0324766178
      0.0309736832
      0.0268588836
      0.0234863751
      0.0219258193
      0.0187619557
      0.0194103144
      0.0217829770
      0.0262047725
      0.0305624775
      0.0303416649
      0.0238729753
      0.0158488761
      0.0123956196
      0.0158176088
      0.0238017005
      0.0302353220
      0.0304460280
      0.0261038618
      0.0217102556
      0.0193715687
      0.0198682528
      0.0203582200
      0.0222391440
      0.0260099217
      0.0302544838
      0.0312599983
      0.0270764889
      0.0210284638
      0.0182860635
      0.0209918958
      0.0269985477
      0.0311487674
      0.0301348647
      0.0259065393
      0.0221646761
      0.0203187152
      0.0204926869
      0.0208976717
      0.0225503453
      0.0260495834
      0.0302887561
      0.0318882376
      0.0287390782
      0.0235463486
      0.0211040542
      0.0235251561
      0.0286952236
      0.0318270714
      0.0302237593
      0.0259935844
      0.0225099413
      0.0208761917
      0.0226737722
      0.0228523893
      0.0238282674
      0.0263727578
      0.0301302989
      0.0327025673
      0.0318754089
      0.0288931956
      0.0272999301
      0.0288927509
      0.0318745143
      0.0327013678
      0.0301291075
      0.0263718475
      0.0238277117
      0.0228521346
      0.0266243597
      0.0265346449
      0.0265617015
      0.0274045271
      0.0294766407
      0.0318135690
      0.0327063805
      0.0320267614
      0.0314574156
      0.0320511275
      0.0327516612
      0.0318719013
      0.0295375747
      0.0274589100
      0.0266029137
      0.0265572065
      0.0306762653
      0.0305706437
      0.0300984371
      0.0292491025
      0.0287542010
      0.0291331968
      0.0298185745
      0.0301193677
      0.0301494219
      0.0301640220
      0.0298999604
      0.0292381081
      0.0288672190
      0.0293542858
      0.0301801840
      0.0306155366
      0.0312164052
      0.0316590110
      0.0320608376
      0.0309036712
      0.0284327997
      0.0263147975
      0.0254151798
      0.0253066345
      0.0253639985
      0.0253613423
      0.0255153154
      0.0264473819
      0.0285818935
      0.0310467693
      0.0321720549
      0.0317188770
      0.0266367948
      0.0280399696
      0.0305836376
      0.0309748768
      0.0282230399
      0.0245152365
      0.0220545659
      0.0211031725
      0.0209369995
      0.0211592681
      0.0221587669
      0.0246573034
      0.0283871081
      0.0311323931
      0.0307021204
      0.0281008131
      0.0204187513
      0.0226148464
      0.0272005666
      0.0297044179
      0.0278249201
      0.0236878293
      0.0203901567
      0.0188574084
      0.0185041426
      0.0189085086
      0.0204861331
      0.0238206372
      0.0279789434
      0.0298493914
      0.0273045997
      0.0226651743
      0.0176438650
      0.0201175691
      0.0254869277
      0.0289332419
      0.0276001923
      0.0234767137
      0.0199578051
      0.0182395684
      0.0178190170
      0.0182787909
      0.0200317408
      0.0235793859
      0.0277190524
      0.0290438307
      0.0255644570
      0.0201539566
      0.0203823179
      0.0225937697
      0.0272002093
      0.0297288515
      0.0278696298
      0.0237425791
      0.0204462762
      0.0189085170
      0.0185433697
      0.0189297574
      0.0204862291
      0.0237979743
      0.0279339751
      0.0297894578
      0.0272436970
      0.0226147975
      0.0265591666
      0.0279963727
      0.0305829175
      0.0310202686
      0.0283045008
      0.0246154195
      0.0221587819
      0.0211991383
      0.0210109248
      0.0211992303
      0.0221590321
      0.0246159173
      0.0283052361
      0.0310210600
      0.0305835295
      0.0279966827
      0.0311056374
      0.0315982135
      0.0320598658
      0.0309621226
      0.0285377739
      0.0264474106
      0.0255572351
      0.0254393987
      0.0254666369
      0.0254167496
      0.0255158546
      0.0263927891
      0.0284765566
      0.0309035127
      0.0320143713
      0.0315737346
      0.0305571172
      0.0305060127
      0.0300974562
      0.0293101341
      0.0288672707
      0.0292823202
      0.0299826323
      0.0302733423
      0.0302682476
      0.0302283972
      0.0299007718
      0.0291769551
      0.0287540156
      0.0292049702
      0.0300158578
      0.0304612373
      0.0265213098
      0.0264788977
      0.0265609265
      0.0274589748
      0.0295818825
      0.0319567314
      0.0328639310
      0.0321717263
      0.0315680018
      0.0321117890
      0.0327525465
      0.0318133594
      0.0294324401
      0.0273260330
      0.0264604981
      0.0264240246
      0.0225994625
      0.0228121008
      0.0238277673
      0.0264140065
      0.0302121119
      0.0328138799
      0.0319939718
      0.0289972701
      0.0273774937
      0.0289363040
      0.0318752051
      0.0326559119
      0.0300474941
      0.0262714057
      0.0237231503
      0.0227557780
      0.0204532282
      0.0208762230
      0.0225501023
      0.0260721616
      0.0303336964
      0.0319481778
      0.0287999920
      0.0235967237
      0.0211404787
      0.0235462288
      0.0286955755
      0.0318026021
      0.0301789547
      0.0259386738
      0.0224536110
      0.0208248479
      0.0232535796
      0.0234728077
      0.0244138312
      0.0265451614
      0.0295681605
      0.0316183054
      0.0309330501
      0.0285371256
      0.0272742675
      0.0285594294
      0.0309769837
      0.0316779099
      0.0296317994
      0.0266012412
      0.0244549163
      0.0234946077
      0.0236429609
      0.0237868329
      0.0245318918
      0.0264192564
      0.0293438998
      0.0316640657
      0.0315796521
      0.0297556602
      0.0287191156
      0.0297986010
      0.0316626969
      0.0317748646
      0.0294611608
      0.0265226451
      0.0246081887
      0.0238276407
      0.0250025711
      0.0249519807
      0.0251382361
      0.0262471354
      0.0286316487
      0.0312651828
      0.0324178199
      0.0319483753
      0.0314768461
      0.0320074580
      0.0325276648
      0.0314066382
      0.0287791528
      0.0263784076
      0.0252374490
      0.0250062105
      0.0275015062
      0.0272115689
      0.0266297664
      0.0264756592
      0.0275649547
      0.0296997453
      0.0315570186
      0.0323101786
      0.0324229127
      0.0323757076
      0.0316746409
      0.0298469485
      0.0277180746
      0.0266153034
      0.0267389256
      0.0272726882
      0.0304860143
      0.0300981803
      0.0289875085
      0.0275596327
      0.0268620194
      0.0275211178
      0.0288999350
      0.0299623484
      0.0303293696
      0.0300216987
      0.0290049520
      0.0276522622
      0.0270012737
      0.0276908562
      0.0290926463
      0.0301576225
      0.0320718182
      0.0319320522
      0.0311026255
      0.0291807097
      0.0270318902
      0.0259535563
      0.0260973251
      0.0266408112
      0.0269027191
      0.0266842964
      0.0261750394
      0.0260530736
      0.0271411326
      0.0292858303
      0.0311866794
      0.0319788998
      0.0308566974
      0.0312670016
      0.0315716663
      0.0302904193
      0.0276638590
      0.0253671808
      0.0243066934
      0.0240929233
      0.0241064207
      0.0241157902
      0.0243485791
      0.0254227287
      0.0277264524
      0.0303505967
      0.0316184792
      0.0312922070
      0.0281547415
      0.0290822193
      0.0306185164
      0.0304561083
      0.0281019352
      0.0252908949
      0.0234798675
      0.0227055669
      0.0225144432
      0.0227059072
      0.0234805409
      0.0252919195
      0.0281032678
      0.0304575190
      0.0306196585
      0.0290828362
      0.0268090710
      0.0279395770
      0.0299864594
      0.0303575668
      0.0282339404
      0.0253152560
      0.0232583197
      0.0222802913
      0.0220076732
      0.0222583407
      0.0232169571
      0.0252588170
      0.0281699229
      0.0302976312
      0.0299422913
      0.0279171551
      0.0281771522
      0.0291252481
      0.0306776767
      0.0305217065
      0.0281613367
      0.0253344068
      0.0235027460
      0.0227059215
      0.0224925155
      0.0226650250
      0.0234262819
      0.0252307953
      0.0280438329
      0.0304106857
      0.0305944651
      0.0290822182
      0.0309008090
      0.0313501717
      0.0316816055
      0.0304081204
      0.0277689331
      0.0254449249
      0.0243486005
      0.0240936422
      0.0240651364
      0.0240394008
      0.0242493554
      0.0253135933
      0.0276213464
      0.0302665718
      0.0315716754
      0.0312910363
      0.0321316123
      0.0320429538
      0.0312441337
      0.0293279522
      0.0271630669
      0.0260530984
      0.0261529145
      0.0266419344
      0.0268464430
      0.0265808569
      0.0260438124
      0.0259134963
      0.0270099579
      0.0291807274
      0.0311264702
      0.0319773914
      0.0305498003
      0.0302154962
      0.0291350210
      0.0277127647
      0.0270013045
      0.0276304082
      0.0289626133
      0.0299638403
      0.0302655890
      0.0299044411
      0.0288575272
      0.0274992084
      0.0268620314
      0.0275815661
      0.0290299364
      0.0301560980
      0.0275576718
      0.0273149799
      0.0267610414
      0.0266153347
      0.0276962500
      0.0298049676
      0.0316173327
      0.0323117861
      0.0323632321
      0.0322649321
      0.0315332359
      0.0296997433
      0.0275868507
      0.0265156399
      0.0266831710
      0.0272714020
      0.0250436954
      0.0250282924
      0.0252374716
      0.0263563593
      0.0287368970
      0.0313493737
      0.0324647872
      0.0319496998
      0.0314328835
      0.0319244214
      0.0324178092
      0.0312889355
      0.0286739826
      0.0263004912
      0.0251953286
      0.0250052817
      0.0236647750
      0.0238276527
      0.0245861477
      0.0264804330
      0.0294034292
      0.0317110148
      0.0316049624
      0.0297563872
      0.0286968047
      0.0297556542
      0.0316035800
      0.0317092520
      0.0294016843
      0.0264790113
      0.0245851641
      0.0238271425
      0.0258245361
      0.0261783731
      0.0269964243
      0.0278054793
      0.0286158181
      0.0294638421
      0.0298599291
      0.0296585923
      0.0294748808
      0.0297199339
      0.0299764961
      0.0296202725
      0.0287868285
      0.0279615051
      0.0271124766
      0.0262393916
      0.0263797309
      0.0266335110
      0.0271851005
      0.0276949090
      0.0283503876
      0.0292808001
      0.0299381328
      0.0299997347
      0.0299202092
      0.0300568449
      0.0300453255
      0.0294229296
      0.0285049662
      0.0278365641
      0.0272917061
      0.0266902653
      0.0277294639
      0.0277166245
      0.0275769745
      0.0273252799
      0.0275535665
      0.0285984173
      0.0298155971
      0.0304931034
      0.0306683431
      0.0305375612
      0.0298965897
      0.0287026337
      0.0276654697
      0.0274290520
      0.0276574184
      0.0277607507
      0.0291204091
      0.0288085614
      0.0279108369
      0.0268339560
      0.0265378569
      0.0275443420
      0.0291829780
      0.0304177029
      0.0308383985
      0.0304421748
      0.0292262523
      0.0275982844
      0.0265949681
      0.0268876232
      0.0279537684
      0.0288328235
      0.0301427856
      0.0296765429
      0.0283634993
      0.0267856876
      0.0260676104
      0.0268372598
      0.0284637752
      0.0298140368
      0.0302945136
      0.0298140847
      0.0284638521
      0.0268373385
      0.0260676704
      0.0267857236
      0.0283635174
      0.0296765502
      0.0306701493
      0.0302802118
      0.0290869099
      0.0275097456
      0.0265941827
      0.0269905765
      0.0281314911
      0.0290373613
      0.0293274685
      0.0290130186
      0.0280884177
      0.0269368118
      0.0265371488
      0.0274560512
      0.0290439061
      0.0302558974
      0.0305118710
      0.0303620062
      0.0296992662
      0.0285539209
      0.0276638715
      0.0275963179
      0.0278994507
      0.0279715790
      0.0279073665
      0.0279273139
      0.0278187491
      0.0274923109
      0.0275519417
      0.0284498964
      0.0296185095
      0.0303176811
      0.0299094952
      0.0299935458
      0.0298914760
      0.0292737200
      0.0285026071
      0.0279995038
      0.0274702758
      0.0267440129
      0.0263540553
      0.0266871344
      0.0273634280
      0.0278575870
      0.0283478897
      0.0291315998
      0.0297843396
      0.0299364629
      0.0295980091
      0.0297722334
      0.0298959921
      0.0295024436
      0.0287841755
      0.0280896163
      0.0272049678
      0.0261523308
      0.0256337417
      0.0260912282
      0.0270887519
      0.0279333789
      0.0286129562
      0.0293458407
      0.0297792984
      0.0297108206
      0.0299709232
      0.0300507009
      0.0299359468
      0.0292981743
      0.0285026117
      0.0279751138
      0.0274259900
      0.0266871528
      0.0262929881
      0.0266303997
      0.0273193721
      0.0278334319
      0.0283480075
      0.0291560267
      0.0298287366
      0.0299935758
      0.0306285306
      0.0304692292
      0.0297802528
      0.0285971607
      0.0276638942
      0.0275532075
      0.0278187796
      0.0278648422
      0.0277912902
      0.0278207903
      0.0277384535
      0.0274495662
      0.0275521180
      0.0284930514
      0.0296993304
      0.0304248017
      0.0308266018
      0.0304223088
      0.0291910848
      0.0275636522
      0.0265942413
      0.0269368490
      0.0280276326
      0.0288957055
      0.0291715198
      0.0288715408
      0.0279848601
      0.0268833580
      0.0265372911
      0.0275098343
      0.0291478879
      0.0303978707
      0.0303137454
      0.0298310427
      0.0284753515
      0.0268427919
      0.0260677135
      0.0267803548
      0.0283521057
      0.0296596968
      0.0301236827
      0.0296597482
      0.0283521775
      0.0267804020
      0.0260677031
      0.0268427245
      0.0284752623
      0.0298309808
      0.0292763700
      0.0289501494
      0.0280145897
      0.0268876626
      0.0265379905
      0.0274908279
      0.0290792484
      0.0302759694
      0.0306821700
      0.0303002667
      0.0291222073
      0.0275444318
      0.0265948816
      0.0269412564
      0.0280575119
      0.0289744053
      0.0278454842
      0.0278232085
      0.0276574398
      0.0273682793
      0.0275536941
      0.0285555786
      0.0297350800
      0.0303862592
      0.0305519152
      0.0304305011
      0.0298156761
      0.0286593680
      0.0276653272
      0.0274719749
      0.0277378870
      0.0278673339
      0.0264407465
      0.0266902712
      0.0272292559
      0.0277192234
      0.0283504659
      0.0292565812
      0.0298939364
      0.0299428010
      0.0298589246
      0.0299997816
      0.0300008830
      0.0293984363
      0.0285048618
      0.0278608130
      0.0273358434
      0.0267470099
      0.0234955173
      0.0247124314
      0.0272185967
      0.0286391719
      0.0280283479
      0.0266620355
      0.0258653784
      0.0257182525
      0.0257547947
      0.0257402370
      0.0259067634
      0.0267184035
      0.0280921522
      0.0286988083
      0.0272625023
      0.0247347127
      0.0249410110
      0.0259796229
      0.0279923446
      0.0288613356
      0.0279506060
      0.0265880771
      0.0259332710
      0.0259108696
      0.0259861268
      0.0259105420
      0.0259326258
      0.0265870998
      0.0279493414
      0.0288600060
      0.0279912773
      0.0259790509
      0.0280777805
      0.0286202381
      0.0293830032
      0.0290136587
      0.0275900765
      0.0264392207
      0.0262590870
      0.0266070974
      0.0268058664
      0.0265842385
      0.0262172535
      0.0263838353
      0.0275277961
      0.0289538906
      0.0293365627
      0.0285952467
      0.0302648218
      0.0302488421
      0.0297655853
      0.0284740173
      0.0270862952
      0.0266608561
      0.0272672111
      0.0280995196
      0.0284395931
      0.0280560863
      0.0271896299
      0.0265616118
      0.0269775001
      0.0283694498
      0.0296820299
      0.0302022833
      0.0300988604
      0.0297778366
      0.0287819071
      0.0275413194
      0.0270055510
      0.0277080647
      0.0290644288
      0.0301136418
      0.0304474345
      0.0300544407
      0.0289596919
      0.0275773040
      0.0268667464
      0.0274105503
      0.0286771432
      0.0297186057
      0.0285999631
      0.0282837009
      0.0275183736
      0.0270489551
      0.0276791380
      0.0292665018
      0.0306559027
      0.0311327056
      0.0311234122
      0.0310674152
      0.0305386939
      0.0291197557
      0.0275263809
      0.0269095240
      0.0274093124
      0.0282226185
      0.0273111636
      0.0271390089
      0.0268697830
      0.0272364239
      0.0286639963
      0.0303004485
      0.0306645166
      0.0297425172
      0.0290995972
      0.0296836867
      0.0305551064
      0.0301594341
      0.0285167408
      0.0271051513
      0.0267704372
      0.0270846704
      0.0267279611
      0.0266789394
      0.0267864177
      0.0276600812
      0.0293253546
      0.0303896318
      0.0293458136
      0.0269868500
      0.0257665436
      0.0269441041
      0.0292631093
      0.0302791668
      0.0292082354
      0.0275565927
      0.0267099067
      0.0266379761
      0.0266075545
      0.0265953556
      0.0268249696
      0.0278428836
      0.0295034947
      0.0302190856
      0.0285335068
      0.0255937969
      0.0241596120
      0.0255716101
      0.0284897719
      0.0301596626
      0.0294399057
      0.0277866972
      0.0267837110
      0.0265734346
      0.0267499157
      0.0266785180
      0.0267634186
      0.0276164831
      0.0292659965
      0.0303242288
      0.0292869299
      0.0269440895
      0.0257443453
      0.0269448594
      0.0292883583
      0.0303260092
      0.0292677080
      0.0276178280
      0.0267643158
      0.0266789723
      0.0273524857
      0.0271382150
      0.0268277442
      0.0271586150
      0.0285590607
      0.0301831231
      0.0305550832
      0.0296598302
      0.0290558488
      0.0296850607
      0.0306019566
      0.0302434211
      0.0286218486
      0.0272144003
      0.0268698416
      0.0271612038
      0.0286562415
      0.0282825754
      0.0274628130
      0.0269495410
      0.0275482636
      0.0291197459
      0.0305149708
      0.0310223260
      0.0310639776
      0.0310690777
      0.0305988687
      0.0292247128
      0.0276574085
      0.0270490269
      0.0275405328
      0.0283260709
      0.0301625710
      0.0297764656
      0.0287195322
      0.0274324625
      0.0268667563
      0.0275554208
      0.0289173548
      0.0299966600
      0.0303838283
      0.0300559752
      0.0290222581
      0.0276863206
      0.0270056185
      0.0275631988
      0.0288242109
      0.0298356265
      0.0303243874
      0.0302474569
      0.0297057908
      0.0283694622
      0.0269556048
      0.0265215889
      0.0271361441
      0.0279961678
      0.0283833748
      0.0280572313
      0.0272451561
      0.0266609117
      0.0271081758
      0.0285159782
      0.0298227993
      0.0303126362
      0.0281216502
      0.0286191503
      0.0293365638
      0.0289301304
      0.0274853863
      0.0263302925
      0.0261598970
      0.0265306796
      0.0267645656
      0.0265849623
      0.0262591311
      0.0264613916
      0.0276324121
      0.0290709008
      0.0294457786
      0.0286778770
      0.0249632816
      0.0259790459
      0.0279673560
      0.0288147900
      0.0278914110
      0.0265270611
      0.0258790093
      0.0258699477
      0.0259641741
      0.0259108953
      0.0259554910
      0.0266305049
      0.0280084702
      0.0289251921
      0.0280500133
      0.0260217694
      0.0155435138
      0.0179958281
      0.0234906711
      0.0276473064
      0.0276137457
      0.0248899410
      0.0224457332
      0.0213662811
      0.0211364159
      0.0213269903
      0.0223718136
      0.0247875866
      0.0274955819
      0.0275375919
      0.0234138626
      0.0179598126
      0.0182397882
      0.0204386477
      0.0251880824
      0.0284277625
      0.0278285789
      0.0250309424
      0.0227422181
      0.0218027289
      0.0216175359
      0.0217515749
      0.0226463075
      0.0248985725
      0.0276754590
      0.0282839176
      0.0250849919
      0.0203888154
      0.0244523746
      0.0258976405
      0.0286681770
      0.0298006284
      0.0282084480
      0.0256281058
      0.0239783158
      0.0235016389
      0.0234641326
      0.0234455304
      0.0238742351
      0.0254865160
      0.0280453102
      0.0296442892
      0.0285507183
      0.0258373623
      0.0295425618
      0.0300515139
      0.0306909523
      0.0301433574
      0.0284988891
      0.0270807264
      0.0266431972
      0.0268186504
      0.0269501859
      0.0267639893
      0.0265432374
      0.0269485807
      0.0283505612
      0.0300012195
      0.0305805982
      0.0299921454
      0.0301213691
      0.0300524344
      0.0296902404
      0.0291051503
      0.0288769093
      0.0293647162
      0.0300868798
      0.0304626428
      0.0305170676
      0.0304180658
      0.0300056752
      0.0292601295
      0.0287643705
      0.0290005343
      0.0296090058
      0.0300078445
      0.0273764899
      0.0272429957
      0.0271372639
      0.0277774653
      0.0294979384
      0.0313797872
      0.0319559329
      0.0312043821
      0.0306383222
      0.0311800512
      0.0319107354
      0.0313215911
      0.0294371835
      0.0277232817
      0.0270962321
      0.0272205440
      0.0244805663
      0.0245260111
      0.0251269288
      0.0270657157
      0.0300042525
      0.0317532113
      0.0304216109
      0.0273145077
      0.0257329000
      0.0273148944
      0.0304224114
      0.0317543130
      0.0300053756
      0.0270666063
      0.0251275025
      0.0245262886
      0.0229488738
      0.0231555736
      0.0242761541
      0.0269327073
      0.0301087519
      0.0307270367
      0.0270239982
      0.0217134702
      0.0193014523
      0.0217345192
      0.0270675801
      0.0307878746
      0.0301734869
      0.0269885890
      0.0243165578
      0.0231770847
      0.0225447493
      0.0228043108
      0.0240938294
      0.0269425532
      0.0300519132
      0.0300427667
      0.0253114655
      0.0191650972
      0.0164689227
      0.0192014569
      0.0253889859
      0.0301534716
      0.0301711135
      0.0270457609
      0.0241683164
      0.0228438785
      0.0229093780
      0.0231041887
      0.0242198181
      0.0268778546
      0.0300640439
      0.0307026310
      0.0270243272
      0.0217344375
      0.0193377069
      0.0217846519
      0.0271281898
      0.0308475262
      0.0302182429
      0.0270110991
      0.0243163031
      0.0231556208
      0.0244063353
      0.0244297531
      0.0250225097
      0.0269654773
      0.0299228619
      0.0317078957
      0.0304222765
      0.0273578611
      0.0258101143
      0.0274184832
      0.0305404043
      0.0318651069
      0.0300868564
      0.0271077309
      0.0251270097
      0.0244860600
      0.0272738456
      0.0271103087
      0.0269953691
      0.0276450762
      0.0293931948
      0.0313214675
      0.0319568188
      0.0312648142
      0.0307484726
      0.0313244148
      0.0320676038
      0.0314641317
      0.0295419988
      0.0277775553
      0.0270955191
      0.0271650541
      0.0300030144
      0.0298991123
      0.0295269069
      0.0289566689
      0.0287642731
      0.0293038513
      0.0300877401
      0.0305268632
      0.0306355595
      0.0305715613
      0.0301691639
      0.0294086781
      0.0288769778
      0.0290613490
      0.0296081508
      0.0299437024
      0.0294327560
      0.0299075749
      0.0305345131
      0.0300011363
      0.0283942162
      0.0270264491
      0.0266438331
      0.0268740336
      0.0270527082
      0.0268965402
      0.0266849642
      0.0270807592
      0.0284551024
      0.0300594449
      0.0305797872
      0.0299319422
      0.0243755330
      0.0257945130
      0.0285506669
      0.0296902237
      0.0281271728
      0.0255869994
      0.0239786922
      0.0235416650
      0.0235381036
      0.0235414883
      0.0239783238
      0.0255864203
      0.0281264365
      0.0296895013
      0.0285501450
      0.0257942628
      0.0182037625
      0.0203888002
      0.0251277774
      0.0283683644
      0.0277839634
      0.0250084470
      0.0227423884
      0.0218240400
      0.0216568322
      0.0218027289
      0.0227023952
      0.0249531860
      0.0277199878
      0.0283082567
      0.0250847217
      0.0203680053
      0.0070409188
      0.0103587723
      0.0183336492
      0.0254593060
      0.0270710414
      0.0241919242
      0.0207993474
      0.0189576907
      0.0184659920
      0.0189072338
      0.0207049865
      0.0240615733
      0.0269218630
      0.0253255886
      0.0182472921
      0.0103230015
      0.0105937454
      0.0136478571
      0.0207675610
      0.0267174859
      0.0275246867
      0.0244922808
      0.0212924409
      0.0196469344
      0.0192293257
      0.0196083910
      0.0212202462
      0.0243923556
      0.0274096132
      0.0266125492
      0.0206973114
      0.0136170765
      0.0193373321
      0.0215197512
      0.0262066941
      0.0293188030
      0.0285717352
      0.0256213291
      0.0231838971
      0.0221410441
      0.0219294794
      0.0221198229
      0.0231441282
      0.0255664740
      0.0285083091
      0.0292592388
      0.0261640223
      0.0214991342
      0.0275453467
      0.0285136593
      0.0303146287
      0.0308742198
      0.0296008684
      0.0278248286
      0.0267811981
      0.0265070494
      0.0265007256
      0.0265069396
      0.0267810162
      0.0278246040
      0.0296006137
      0.0308739704
      0.0303144440
      0.0285135705
      0.0298982835
      0.0300385598
      0.0302638450
      0.0303142948
      0.0303803825
      0.0306304439
      0.0307168330
      0.0304597118
      0.0302778179
      0.0304834554
      0.0307614403
      0.0306896586
      0.0304448513
      0.0303734229
      0.0303083755
      0.0300622817
      0.0270374943
      0.0270421326
      0.0274129517
      0.0287281727
      0.0308761486
      0.0323763543
      0.0317320298
      0.0296839601
      0.0286030764
      0.0297274130
      0.0318161071
      0.0324885829
      0.0309949466
      0.0288329055
      0.0274902234
      0.0270834567
      0.0231792085
      0.0234194961
      0.0246655149
      0.0275026903
      0.0308608080
      0.0316503412
      0.0281002632
      0.0228782870
      0.0204942814
      0.0229280604
      0.0282033369
      0.0317942604
      0.0310140166
      0.0276350676
      0.0247613544
      0.0234705808
      0.0208581852
      0.0213332574
      0.0232787287
      0.0269892913
      0.0304267675
      0.0294343215
      0.0226985085
      0.0148100980
      0.0114913852
      0.0148538368
      0.0227983595
      0.0295834956
      0.0305903263
      0.0271312350
      0.0233811820
      0.0213879073
      0.0201785173
      0.0207427126
      0.0229315641
      0.0268873969
      0.0301722516
      0.0282809930
      0.0202319988
      0.0114038619
      0.0078003234
      0.0114399522
      0.0203190668
      0.0284157586
      0.0303225631
      0.0270186881
      0.0230265412
      0.0207934629
      0.0208075114
      0.0212945537
      0.0232574237
      0.0269891834
      0.0304505748
      0.0294778340
      0.0227482689
      0.0148537406
      0.0115273515
      0.0148847695
      0.0228190580
      0.0295835511
      0.0305664799
      0.0270897903
      0.0233300607
      0.0213333063
      0.0230845088
      0.0233470461
      0.0246256045
      0.0275024906
      0.0309054705
      0.0317344251
      0.0282031791
      0.0229778171
      0.0205809935
      0.0229985877
      0.0282461619
      0.0317944133
      0.0309693306
      0.0275576927
      0.0246655958
      0.0233683722
      0.0269068158
      0.0269419502
      0.0273579360
      0.0287278880
      0.0309353336
      0.0324884332
      0.0318755511
      0.0298325199
      0.0287372081
      0.0298326740
      0.0318758526
      0.0324888320
      0.0309357487
      0.0287282585
      0.0273582258
      0.0269421160
      0.0297488833
      0.0299232981
      0.0302002752
      0.0303139390
      0.0304447220
      0.0307489418
      0.0308694627
      0.0306224720
      0.0304273346
      0.0305987907
      0.0308250087
      0.0306899412
      0.0303804474
      0.0302549543
      0.0301558628
      0.0298996597
      0.0274115283
      0.0284086227
      0.0302549607
      0.0308738580
      0.0296598197
      0.0279292107
      0.0269129790
      0.0266482187
      0.0266312617
      0.0266070020
      0.0268359366
      0.0278248609
      0.0295415500
      0.0307621916
      0.0301713201
      0.0283653914
      0.0192509509
      0.0214494659
      0.0261639629
      0.0293185303
      0.0286161120
      0.0256983112
      0.0232792727
      0.0222429163
      0.0220238970
      0.0221920528
      0.0231839029
      0.0255666766
      0.0284638476
      0.0291755394
      0.0260615618
      0.0214000153
      0.0105579759
      0.0136170693
      0.0207469194
      0.0267173519
      0.0275483238
      0.0245334464
      0.0213432780
      0.0197012798
      0.0192797848
      0.0196469302
      0.0212414562
      0.0243924737
      0.0273859502
      0.0265692920
      0.0206478387
      0.0135736836
