iscf
 0

idiag
 1

imix
 2

rho_mix_fac
 0.3

max_scf_iter
 50

ecut
 8.0

atoms
 1
 4
 Al.cpi
 2 2
 bohr
 0.000000000       0.000000000       0.000000000
 0.000000000       3.827600000       3.827600000
 3.827600000       0.000000000       3.827600000
 3.827600000       3.827600000       0.000000000

latvec
   7.655200000       0.000000000       0.000000000    
   0.000000000       7.655200000       0.000000000    
   0.000000000       0.000000000       7.655200000

k_points
 1 
 0.0 0.0 0.0 1.0

